date	close	volume	open	high	low
					
2018-01-05	0.235	104309	0.2294	0.261	0.22
2018-01-04	0.2213	257935	0.299	0.299	0.2213
2018-01-03	0.2578	275061	0.234	0.2665	0.1865
2018-01-02	0.218	465736	0.3015	0.3015	0.2052
2017-12-29	0.2747	229899	0.31	0.32	0.2681
2017-12-28	0.3128	226058	0.3295	0.34	0.28
2017-12-27	0.3337	547590	0.3225	0.489	0.2979
2017-12-26	0.349	237928	0.286	0.349	0.28
2017-12-22	0.285	1042688	0.25	0.285	0.2192
2017-12-21	0.21	352808	0.1985	0.21	0.18
2017-12-20	0.1863	122941	0.18	0.2063	0.176
2017-12-19	0.1794	385032	0.1601	0.2102	0.1543
2017-12-18	0.16	690688	0.17	0.18	0.1452
2017-12-15	0.1709	1330783	0.1895	0.3	0.15
2017-12-14	0.6158	83551	0.6	0.6158	0.5696
2017-12-13	0.6	42707	0.57	0.6044	0.57
2017-12-12	0.58	45757	0.614	0.614	0.58
2017-12-11	0.6173	135314	0.62	0.64	0.5936
2017-12-08	0.61	97013	0.62	0.62	0.58
2017-12-07	0.6298	335794	0.7245	0.7245	0.62
2017-12-06	0.7141	97399	0.74	0.7987	0.713
2017-12-05	0.7825	64331	0.86	0.8863	0.7747
2017-12-04	0.8457	108909	0.8935	0.9503	0.821
2017-12-01	0.8867	99778	0.8443	0.9007	0.817
2017-11-30	0.796	249760	0.826	0.8961	0.7319
2017-11-29	0.8337	179157	0.7358	0.87	0.7358
2017-11-28	0.7065	394369	0.692	0.9807	0.6851
2017-11-27	0.67	222330	0.6324	0.704	0.6202
2017-11-24	0.61	28045	0.6333	0.6401	0.6082
2017-11-22	0.6334	94370	0.6326	0.6539	0.6155
2017-11-21	0.62	106154	0.6138	0.6866	0.5852
2017-11-20	0.58	66415	0.5923	0.6085	0.5674
2017-11-17	0.58	48015	0.5805	0.5989	0.5646
2017-11-16	0.59	21840	0.6	0.6453	0.59
2017-11-15	0.5981	212135	0.68	0.7039	0.5933
2017-11-14	0.6726	133088	0.637	0.6726	0.6095
2017-11-13	0.6563	161604	0.68	0.68	0.629
2017-11-10	0.6263	190753	0.6644	0.675	0.6132
2017-11-09	0.6569	244499	0.67	0.67	0.62
2017-11-08	0.6487	260908	0.6	0.6487	0.5755
2017-11-07	0.5813	173579	0.63	0.63	0.57
2017-11-06	0.6327	154850	0.5437	0.6399	0.5437
2017-11-03	0.5269	120385	0.51	0.527	0.4572
2017-11-02	0.5	90769	0.57	0.604	0.495
2017-11-01	0.575	122580	0.5991	0.6097	0.5465
2017-10-31	0.592	434022	0.631	0.6402	0.5835
2017-10-30	0.63	511212	0.596	0.6594	0.5568
2017-10-27	0.5323	327141	0.4979	0.625	0.4979
2017-10-26	0.4467	123650	0.425	0.4876	0.425
2017-10-25	0.41	193286	0.42	0.5	0.3813
2017-10-24	0.41	219242	0.3777	0.4617	0.3148
2017-10-23	0.3361	2666	0.3361	0.3361	0.3361
2017-10-20	0.3384	5590	0.34	0.34	0.3384
2017-10-19	0.3587	30299	0.3483	0.3587	0.3411
2017-10-18	0.37	30700	0.4036	0.4036	0.3585
2017-10-17	0.4	37358	0.3936	0.41	0.3936
2017-10-16	0.4	10800	0.3793	0.4	0.3793
2017-10-13	0.3419	4472	0.3481	0.3481	0.3402
2017-10-12	0.3551	11808	0.38	0.38	0.3551
2017-10-11	0.3858	2962	0.362	0.3858	0.362
2017-10-10	0.3871	14570	0.4023	0.4023	0.3736
2017-10-09	0.37	1115	0.3511	0.37	0.3511
2017-10-06	0.37	46288	0.3511	0.37	0.3511
2017-10-05	0.4186	84385	0.3929	0.4262	0.3929
2017-10-04	0.3771	10829	0.38	0.4	0.3771
2017-10-03	0.3885	35500	0.37	0.3885	0.356
2017-10-02	0.377	58032	0.35	0.378	0.35
2017-09-29	0.35	25828	0.342	0.3589	0.342
2017-09-28	0.3182	1908	0.3189	0.3189	0.3182
2017-09-27	0.338	23311	0.3379	0.3401	0.3201
2017-09-26	0.338	10000	0.35	0.35	0.338
2017-09-25	0.3374	4450	0.3374	0.3374	0.3374
2017-09-22	0.3405	4781	0.3537	0.3537	0.3311
2017-09-21	0.3333	2466	0.378	0.384	0.3333
2017-09-20	0.36	33619	0.3255	0.36	0.3255
2017-09-19	0.345	8051	0.3237	0.3462	0.3228
2017-09-18	0.3246	10266	0.348	0.348	0.324
2017-09-15	0.3385	6083	0.3363	0.3385	0.3363
2017-09-14	0.3351	15333	0.3583	0.359	0.3351
2017-09-13	0.3569	1709	0.3569	0.3569	0.3569
2017-09-12	0.3672	24325	0.3664	0.374	0.3664
2017-09-11	0.35	11741	0.3623	0.3625	0.35
2017-09-08	0.3582	6442	0.376	0.376	0.3582
2017-09-07	0.3737	2000	0.356	0.3737	0.356
2017-09-06	0.3586	6833	0.341	0.3586	0.341
2017-09-05	0.34	24009	0.3515	0.3515	0.34
2017-09-01	0.3413	7004	0.3418	0.3418	0.3413
2017-08-31	0.3391	6666	0.3197	0.3391	0.3157
2017-08-30	0.3149	100	0.3149	0.3149	0.3149
2017-08-29	0.3362	0	0.3362	0.3362	0.3362
2017-08-28	0.3362	1235	0.3324	0.3362	0.3324
2017-08-25	0.3415	12580	0.3304	0.3415	0.3238
2017-08-24	0.3153	49000	0.32	0.32	0.3153
2017-08-23	0.3245	92469	0.342	0.342	0.3212
2017-08-22	0.3677	2000	0.3487	0.3677	0.3487
2017-08-21	0.34	6666	0.3457	0.3799	0.34
2017-08-18	0.3672	7450	0.329	0.3672	0.329
2017-08-17	0.336	23225	0.3304	0.3517	0.3304
2017-08-16	0.3387	28414	0.296	0.35	0.296
2017-08-15	0.3842	0	0.3842	0.3842	0.3842
2017-08-14	0.3842	1200	0.387	0.387	0.3842
2017-08-11	0.3854	8591	0.3845	0.3881	0.3845
2017-08-10	0.3847	3140	0.3909	0.3909	0.3847
2017-08-09	0.3928	2225	0.4052	0.4052	0.3928
2017-08-08	0.383	7380	0.382	0.3838	0.382
2017-08-07	0.395	0	0.395	0.395	0.395
2017-08-04	0.395	10216	0.395	0.432	0.358
2017-08-03	0.3948	17032	0.3593	0.3948	0.3521
2017-08-02	0.3413	7356	0.334	0.3484	0.334
2017-08-01	0.3671	55620	0.3482	0.3671	0.3482
2017-07-31	0.372	10813	0.37	0.375	0.3572
2017-07-28	0.3991	10167	0.3974	0.4011	0.3973
2017-07-27	0.401	8649	0.4006	0.401	0.4006
2017-07-26	0.4266	5520	0.4359	0.4359	0.4266
2017-07-25	0.3947	24714	0.391	0.4046	0.3798
2017-07-24	0.391	19000	0.388	0.4048	0.388
2017-07-21	0.386	10970	0.3792	0.3937	0.3792
2017-07-20	0.372	11510	0.3675	0.372	0.3675
2017-07-19	0.3773	12181	0.3655	0.3773	0.365
2017-07-18	0.3545	83505	0.344	0.369	0.3181
2017-07-17	0.3545	73518	0.4011	0.4011	0.3358
2017-07-14	0.3994	10498	0.392	0.3994	0.392
2017-07-13	0.4052	1066	0.41	0.41	0.3979
2017-07-12	0.4208	5483	0.4082	0.4208	0.4
2017-07-11	0.42	24700	0.4356	0.4356	0.4141
2017-07-10	0.4388	48612	0.45	0.46	0.4222
2017-07-07	0.46	13360	0.46	0.4614	0.46
2017-07-06	0.4647	3850	0.4899	0.4899	0.46
2017-07-05	0.4945	12000	0.4578	0.4945	0.4578
2017-07-03	0.49	0	0.49	0.49	0.49
2017-06-30	0.49	8383	0.465	0.49	0.465
2017-06-29	0.4782	6440	0.4934	0.5021	0.4782
2017-06-28	0.4632	4613	0.5012	0.5012	0.4617
2017-06-27	0.483	1200	0.507	0.507	0.4661
2017-06-26	0.4795	1424	0.5	0.5	0.4795
2017-06-23	0.4871	4900	0.4941	0.4941	0.4871
2017-06-22	0.5	333	0.5	0.5	0.5
2017-06-21	0.4997	18282	0.4856	0.54	0.4856
2017-06-20	0.4951	15166	0.4801	0.4951	0.4791
2017-06-19	0.468	1357	0.4667	0.4744	0.4667
2017-06-16	0.5	18250	0.4515	0.5045	0.4515
2017-06-15	0.451	14866	0.45	0.492	0.45
2017-06-14	0.46	27500	0.4753	0.4753	0.46
2017-06-13	0.48	41599	0.4972	0.4972	0.48
2017-06-12	0.4988	3500	0.5	0.5	0.4801
2017-06-09	0.48	23939	0.48	0.5001	0.48
2017-06-08	0.4872	8666	0.4797	0.5	0.4789
2017-06-07	0.468	12656	0.48	0.48	0.468
2017-06-06	0.4727	30296	0.4707	0.4851	0.461
2017-06-05	0.499	43417	0.5437	0.5437	0.4985
2017-06-02	0.5007	41674	0.54	0.54	0.4956
2017-06-01	0.5436	145376	0.495	0.5671	0.4912
2017-05-31	0.491	335910	0.435	0.51	0.4097
2017-05-30	0.3894	65792	0.4172	0.43	0.3842
2017-05-26	0.4187	2000	0.4187	0.4187	0.4187
2017-05-25	0.41	7450	0.43	0.4324	0.41
2017-05-24	0.4533	10291	0.4358	0.4533	0.4338
2017-05-23	0.4417	17877	0.4359	0.46	0.4359
2017-05-22	0.44	13991	0.43	0.46	0.43
2017-05-19	0.44	4909	0.43	0.46	0.43
2017-05-18	0.46	24833	0.43	0.46	0.43
2017-05-17	0.424	18599	0.4435	0.4435	0.4212
2017-05-16	0.433	15366	0.4292	0.4895	0.423
2017-05-15	0.4304	3859	0.45	0.45	0.4304
2017-05-12	0.4474	29425	0.4491	0.4491	0.42
2017-05-11	0.432	70070	0.5117	0.513	0.4256
2017-05-10	0.5525	92009	0.4716	0.5652	0.4715
2017-05-09	0.4245	423771	0.3974	0.51	0.3974
2017-05-08	0.37	0	0.37	0.37	0.37
2017-05-05	0.37	17300	0.37	0.39	0.368
2017-05-04	0.3961	5082	0.4169	0.4169	0.3961
2017-05-03	0.4174	29545	0.3756	0.4247	0.36
2017-05-02	0.4	43833	0.3282	0.4611	0.3279
2017-05-01	0.251	30100	0.058	0.251	0.058
2017-04-28	0.3402	40321	0.3312	0.348	0.288
2017-04-27	0.3402	41526	0.3234	0.3474	0.2922
2017-04-26	0.315	61051	0.3101	0.324	0.2706
2017-04-25	0.33	21917	0.3	0.3462	0.3
2017-04-24	0.351	5569	0.378	0.4068	0.3396
2017-04-21	0.36	17709	0.36	0.36	0.36
2017-04-20	0.36	11592	0.33	0.3828	0.3258
2017-04-19	0.33	32634	0.381	0.381	0.33
2017-04-18	0.3811	6629	0.417	0.417	0.36
2017-04-17	0.4074	1983	0.417	0.417	0.369
2017-04-13	0.39	8150	0.39	0.39	0.3534
2017-04-12	0.3894	13184	0.3768	0.42	0.3768
2017-04-11	0.3588	3586	0.3756	0.3756	0.3588
2017-04-10	0.3894	2275	0.408	0.408	0.3894
2017-04-07	0.3564	14069	0.4188	0.4188	0.3564
2017-04-06	0.411	1535	0.42	0.42	0.411
2017-04-05	0.4128	5154	0.4116	0.4134	0.4116
2017-04-04	0.4116	46301	0.3642	0.4146	0.3642
2017-04-03	0.3876	4200	0.366	0.3876	0.366
2017-03-31	0.3954	20856	0.4074	0.423	0.3954
2017-03-30	0.4206	15917	0.4128	0.4206	0.3534
2017-03-29	0.4128	2080	0.3936	0.4128	0.3936
2017-03-28	0.393	26614	0.444	0.4674	0.393
2017-03-27	0.4104	69796	0.39	0.4146	0.3354
2017-03-24	0.36	26666	0.3516	0.3702	0.3516
2017-03-23	0.3456	16667	0.318	0.3456	0.318
2017-03-22	0.318	16984	0.3072	0.36	0.3072
2017-03-21	0.3024	22834	0.3084	0.3522	0.3024
2017-03-20	0.3006	4503	0.3516	0.3516	0.3006
2017-03-17	0.306	10173	0.342	0.36	0.306
2017-03-16	0.348	30500	0.3228	0.348	0.315
2017-03-15	0.318	0	0.318	0.318	0.318
2017-03-14	0.318	1667	0.3354	0.3354	0.318
2017-03-13	0.3378	15810	0.3384	0.3384	0.324
2017-03-10	0.336	67	0.336	0.336	0.336
2017-03-09	0.3174	1450	0.3	0.3174	0.3
2017-03-08	0.3186	5000	0.33	0.33	0.3186
2017-03-07	0.324	1900	0.3312	0.3312	0.3198
2017-03-06	0.3366	22589	0.318	0.342	0.2982
2017-03-03	0.318	35109	0.315	0.318	0.3146
2017-03-02	0.3	0	0.3	0.3	0.3
2017-03-01	0.3	28738	0.318	0.324	0.288
2017-02-28	0.3216	42502	0.3294	0.33	0.3114
2017-02-27	0.318	3847	0.351	0.351	0.318
2017-02-24	0.351	33228	0.351	0.3618	0.3138
2017-02-23	0.3504	41334	0.3054	0.3504	0.3006
2017-02-22	0.3504	22223	0.351	0.351	0.336
2017-02-21	0.351	67831	0.372	0.372	0.3342
2017-02-17	0.336	157460	0.384	0.384	0.324
2017-02-16	0.3546	466625	0.2676	0.3744	0.2598
2017-02-15	0.246	37287	0.2982	0.2982	0.246
2017-02-14	0.282	169253	0.2598	0.2874	0.258
2017-02-13	0.2748	61001	0.2628	0.2748	0.2592
2017-02-10	0.2616	8550	0.243	0.2616	0.24
2017-02-09	0.24	1233	0.21	0.246	0.21
2017-02-08	0.2406	0	0.2406	0.2406	0.2406
2017-02-07	0.2406	0	0.2406	0.2406	0.2406
2017-02-06	0.2406	56668	0.2358	0.2406	0.2358
2017-02-03	0.249	1083	0.264	0.264	0.249
2017-02-02	0.234	5000	0.237	0.237	0.234
2017-02-01	0.234	167	0.234	0.234	0.234
2017-01-31	0.2352	0	0.2352	0.2352	0.2352
2017-01-30	0.2352	58	0.2352	0.2352	0.2352
2017-01-27	0.2358	11459	0.1992	0.2358	0.1992
2017-01-26	0.189	0	0.189	0.189	0.189
2017-01-25	0.189	6867	0.2352	0.2352	0.189
2017-01-24	0.2358	2400	0.2424	0.2628	0.2358
2017-01-23	0.2172	367	0.2094	0.2262	0.2094
2017-01-20	0.2178	0	0.2178	0.2178	0.2178
2017-01-19	0.2178	1750	0.1836	0.2178	0.1836
2017-01-18	0.1836	5495	0.1836	0.1836	0.1836
2017-01-17	0.225	4313	0.222	0.225	0.2136
2017-01-13	0.2232	11460	0.192	0.2232	0.192
2017-01-12	0.2238	4866	0.2208	0.2238	0.213
2017-01-11	0.2154	2862	0.222	0.222	0.2154
2017-01-10	0.219	21607	0.2196	0.2196	0.204
2017-01-09	0.222	358	0.2106	0.222	0.2106
2017-01-06	0.21	7197	0.2196	0.2226	0.18
2017-01-05	0.2202	4090	0.2334	0.2334	0.2028
2017-01-04	0.2202	1760	0.2172	0.2202	0.2172
2017-01-03	0.1626	0	0.1626	0.1626	0.1626
2016-12-30	0.1626	13667	0.1626	0.1626	0.1626
2016-12-29	0.2172	5512	0.18	0.2298	0.18
2016-12-28	0.1986	20000	0.2058	0.2058	0.1986
2016-12-27	0.318	3333	0.24	0.318	0.24
2016-12-23	0.318	1583	0.24	0.318	0.24
2016-12-22	0.2178	17	0.2178	0.2178	0.2178
2016-12-21	0.2082	0	0.2082	0.2082	0.2082
2016-12-20	0.2082	0	0.2082	0.2082	0.2082
2016-12-19	0.2082	133	0.2082	0.2082	0.2082
2016-12-16	0.1668	33	0.1668	0.1668	0.1668
2016-12-15	0.1632	259	0.1632	0.1632	0.1632
2016-12-14	0.168	0	0.168	0.168	0.168
2016-12-13	0.168	0	0.168	0.168	0.168
2016-12-12	0.168	1833	0.24	0.24	0.168
2016-12-09	0.2166	417	0.2166	0.2166	0.2166
2016-12-08	0.2166	0	0.2166	0.2166	0.2166
2016-12-07	0.2166	0	0.2166	0.2166	0.2166
2016-12-06	0.2166	0	0.2166	0.2166	0.2166
2016-12-05	0.2166	0	0.2166	0.2166	0.2166
2016-12-02	0.2166	0	0.2166	0.2166	0.2166
2016-12-01	0.2166	33	0.2166	0.2166	0.2166
2016-11-30	0.2184	1458	0.2184	0.2184	0.2184
2016-11-29	0.1638	0	0.1638	0.1638	0.1638
2016-11-28	0.1638	42	0.1638	0.1638	0.1638
2016-11-25	0.1614	0	0.1614	0.1614	0.1614
2016-11-23	0.1614	0	0.1614	0.1614	0.1614
2016-11-22	0.1614	0	0.1614	0.1614	0.1614
2016-11-21	0.1614	0	0.1614	0.1614	0.1614
2016-11-18	0.1614	4017	0.2232	0.2232	0.1614
2016-11-17	0.2184	192	0.2154	0.2196	0.2154
2016-11-16	0.2184	12083	0.207	0.2184	0.1632
2016-11-15	0.162	11100	0.2154	0.2178	0.162
2016-11-14	0.2136	583	0.2136	0.2136	0.2136
2016-11-11	0.2064	1000	0.2064	0.2064	0.2064
2016-11-10	0.207	500	0.207	0.207	0.207
2016-11-09	0.186	333	0.1848	0.186	0.1848
2016-11-08	0.2178	16759	0.2196	0.2202	0.2178
2016-11-07	0.2196	167	0.2196	0.2196	0.2196
2016-11-04	0.1722	0	0.1722	0.1722	0.1722
2016-11-03	0.1722	0	0.1722	0.1722	0.1722
2016-11-02	0.1722	0	0.1722	0.1722	0.1722
2016-11-01	0.1722	100	0.1722	0.1722	0.1722
2016-10-31	0.18	0	0.18	0.18	0.18
2016-10-28	0.18	0	0.18	0.18	0.18
2016-10-27	0.18	0	0.18	0.18	0.18
2016-10-26	0.18	1167	0.18	0.18	0.18
2016-10-25	0.1828	0	0.1828	0.1828	0.1828
2016-10-24	0.1828	0	0.1828	0.1828	0.1828
2016-10-21	0.1828	133	0.2108	0.2108	0.1828
2016-10-20	0.2292	0	0.2292	0.2292	0.2292
2016-10-19	0.2292	0	0.2292	0.2292	0.2292
2016-10-18	0.2292	333	0.2292	0.2292	0.2292
2016-10-17	0.18	4167	0.18	0.18	0.18
2016-10-14	0.21	0	0.21	0.21	0.21
2016-10-13	0.21	0	0.21	0.21	0.21
2016-10-12	0.21	0	0.21	0.21	0.21
2016-10-11	0.21	0	0.21	0.21	0.21
2016-10-10	0.21	0	0.21	0.21	0.21
2016-10-07	0.21	50001	0.21	0.246	0.174
2016-10-06	0.21	83	0.21	0.21	0.21
2016-10-05	0.204	0	0.204	0.204	0.204
2016-10-04	0.204	0	0.204	0.204	0.204
2016-10-03	0.204	1333	0.204	0.204	0.204
2016-09-30	0.192	0	0.192	0.192	0.192
2016-09-29	0.192	0	0.192	0.192	0.192
2016-09-28	0.192	0	0.192	0.192	0.192
2016-09-27	0.192	0	0.192	0.192	0.192
2016-09-26	0.192	0	0.192	0.192	0.192
2016-09-23	0.192	0	0.192	0.192	0.192
2016-09-22	0.192	0	0.192	0.192	0.192
2016-09-21	0.192	0	0.192	0.192	0.192
2016-09-20	0.192	1667	0.192	0.192	0.192
2016-09-19	0.2346	0	0.2346	0.2346	0.2346
2016-09-16	0.2346	0	0.2346	0.2346	0.2346
2016-09-15	0.2346	21	0.2346	0.2346	0.2346
2016-09-14	0.246	1417	0.2352	0.246	0.2352
2016-09-13	0.2028	0	0.2028	0.2028	0.2028
2016-09-12	0.2028	0	0.2028	0.2028	0.2028
2016-09-09	0.2028	0	0.2028	0.2028	0.2028
2016-09-08	0.2028	0	0.2028	0.2028	0.2028
2016-09-07	0.2028	0	0.2028	0.2028	0.2028
2016-09-06	0.2028	333	0.2274	0.2274	0.1926
2016-09-02	0.1758	0	0.1758	0.1758	0.1758
2016-09-01	0.1758	5750	0.1758	0.1758	0.1758
2016-08-31	0.18	0	0.18	0.18	0.18
2016-08-30	0.18	0	0.18	0.18	0.18
2016-08-29	0.18	50084	0.2038	0.2038	0.18
2016-08-26	0.2004	66668	0.2004	0.2004	0.2004
2016-08-25	0.18	0	0.18	0.18	0.18
2016-08-24	0.18	0	0.18	0.18	0.18
2016-08-23	0.18	43334	0.18	0.18	0.18
2016-08-22	0.24	0	0.24	0.24	0.24
2016-08-19	0.24	0	0.24	0.24	0.24
2016-08-18	0.24	0	0.24	0.24	0.24
2016-08-17	0.24	9500	0.2406	0.2406	0.24
2016-08-16	0.243	417	0.243	0.243	0.243
2016-08-15	0.222	24346	0.228	0.228	0.222
2016-08-12	0.1878	0	0.1878	0.1878	0.1878
2016-08-11	0.1878	0	0.1878	0.1878	0.1878
2016-08-10	0.1878	0	0.1878	0.1878	0.1878
2016-08-09	0.1878	80002	0.1878	0.1878	0.1878
2016-08-08	0.2045	13833	0.2352	0.2352	0.2045
2016-08-05	0.18	0	0.18	0.18	0.18
2016-08-04	0.18	115002	0.18	0.18	0.18
2016-08-03	0.2106	17	0.2106	0.2106	0.2106
2016-08-02	0.1968	93335	0.1968	0.1968	0.1968
2016-08-01	0.168	20984	0.168	0.168	0.168
2016-07-29	0.234	0	0.234	0.234	0.234
2016-07-28	0.234	0	0.234	0.234	0.234
2016-07-27	0.234	0	0.234	0.234	0.234
2016-07-26	0.234	0	0.234	0.234	0.234
2016-07-25	0.234	0	0.234	0.234	0.234
2016-07-22	0.234	0	0.234	0.234	0.234
2016-07-21	0.234	0	0.234	0.234	0.234
2016-07-20	0.234	0	0.234	0.234	0.234
2016-07-19	0.234	0	0.234	0.234	0.234
2016-07-18	0.234	0	0.234	0.234	0.234
2016-07-15	0.234	0	0.234	0.234	0.234
2016-07-14	0.234	0	0.234	0.234	0.234
2016-07-13	0.234	25167	0.21	0.234	0.21
2016-07-12	0.1965	0	0.1965	0.1965	0.1965
2016-07-11	0.1965	0	0.1965	0.1965	0.1965
2016-07-08	0.1965	0	0.1965	0.1965	0.1965
2016-07-07	0.1965	0	0.1965	0.1965	0.1965
2016-07-06	0.1965	0	0.1965	0.1965	0.1965
2016-07-05	0.1965	0	0.1965	0.1965	0.1965
2016-07-01	0.1965	0	0.1965	0.1965	0.1965
2016-06-30	0.1965	167	0.1965	0.225	0.168
2016-06-29	0.1902	0	0.1902	0.1902	0.1902
2016-06-28	0.1902	0	0.1902	0.1902	0.1902
2016-06-27	0.1902	0	0.1902	0.1902	0.1902
2016-06-24	0.1902	0	0.1902	0.1902	0.1902
2016-06-23	0.1902	500	0.1902	0.1902	0.1902
2016-06-22	0.192	0	0.192	0.192	0.192
2016-06-21	0.192	0	0.192	0.192	0.192
2016-06-20	0.192	0	0.192	0.192	0.192
2016-06-17	0.192	0	0.192	0.192	0.192
2016-06-16	0.192	0	0.192	0.192	0.192
2016-06-15	0.192	0	0.192	0.192	0.192
2016-06-14	0.192	0	0.192	0.192	0.192
2016-06-13	0.192	0	0.192	0.192	0.192
2016-06-10	0.192	0	0.192	0.192	0.192
2016-06-09	0.192	0	0.192	0.192	0.192
2016-06-08	0.192	0	0.192	0.192	0.192
2016-06-07	0.192	0	0.192	0.192	0.192
2016-06-06	0.192	0	0.192	0.192	0.192
2016-06-03	0.192	0	0.192	0.192	0.192
2016-06-02	0.192	0	0.192	0.192	0.192
2016-06-01	0.192	91757	0.21	0.21	0.138
2016-05-31	0.204	0	0.204	0.204	0.204
2016-05-27	0.204	6167	0.204	0.204	0.204
2016-05-26	0.204	0	0.204	0.204	0.204
2016-05-25	0.204	0	0.204	0.204	0.204
2016-05-24	0.204	333	0.204	0.204	0.204
2016-05-23	0.21	5833	0.21	0.21	0.21
2016-05-20	0.2196	0	0.2196	0.2196	0.2196
2016-05-19	0.2196	0	0.2196	0.2196	0.2196
2016-05-18	0.2196	12500	0.2196	0.2196	0.2196
2016-05-17	0.2106	0	0.2106	0.2106	0.2106
2016-05-16	0.2106	0	0.2106	0.2106	0.2106
2016-05-13	0.2106	0	0.2106	0.2106	0.2106
2016-05-12	0.2106	0	0.2106	0.2106	0.2106
2016-05-11	0.2106	0	0.2106	0.2106	0.2106
2016-05-10	0.2106	0	0.2106	0.2106	0.2106
2016-05-09	0.2106	0	0.2106	0.2106	0.2106
2016-05-06	0.2106	0	0.2106	0.2106	0.2106
2016-05-05	0.2106	0	0.2106	0.2106	0.2106
2016-05-04	0.2106	0	0.2106	0.2106	0.2106
2016-05-03	0.2106	50	0.2106	0.2106	0.2106
2016-05-02	0.1938	0	0.1938	0.1938	0.1938
2016-04-29	0.1938	22500	0.1938	0.1938	0.1938
2016-04-28	0.2628	22640	0.2628	0.2628	0.2628
2016-04-27	0.24	0	0.24	0.24	0.24
2016-04-26	0.24	0	0.24	0.24	0.24
2016-04-25	0.24	0	0.24	0.24	0.24
2016-04-22	0.24	0	0.24	0.24	0.24
2016-04-21	0.24	28834	0.24	0.24	0.24
2016-04-20	0.24	0	0.24	0.24	0.24
2016-04-19	0.24	0	0.24	0.24	0.24
2016-04-18	0.24	0	0.24	0.24	0.24
2016-04-15	0.24	0	0.24	0.24	0.24
2016-04-14	0.24	0	0.24	0.24	0.24
2016-04-13	0.24	7500	0.24	0.24	0.24
2016-04-12	0.2406	30001	0.2406	0.2406	0.24
2016-04-11	0.1974	0	0.1974	0.1974	0.1974
2016-04-08	0.1974	0	0.1974	0.1974	0.1974
2016-04-07	0.1974	0	0.1974	0.1974	0.1974
2016-04-06	0.1974	0	0.1974	0.1974	0.1974
2016-04-05	0.1974	0	0.1974	0.1974	0.1974
2016-04-04	0.1974	0	0.1974	0.1974	0.1974
2016-04-01	0.1974	0	0.1974	0.1974	0.1974
2016-03-31	0.1974	83335	0.1974	0.1974	0.1974
2016-03-30	0.21	17500	0.21	0.21	0.21
2016-03-29	0.204	26334	0.204	0.204	0.204
2016-03-28	0.1962	0	0.1962	0.1962	0.1962
2016-03-24	0.1962	33	0.1962	0.1962	0.1962
2016-03-23	0.234	0	0.234	0.234	0.234
2016-03-22	0.234	10193	0.234	0.234	0.234
2016-03-21	0.252	6500	0.252	0.252	0.252
2016-03-18	0.207	583	0.207	0.207	0.207
2016-03-17	0.1836	0	0.1836	0.1836	0.1836
2016-03-16	0.1836	0	0.1836	0.1836	0.1836
2016-03-15	0.1836	0	0.1836	0.1836	0.1836
2016-03-14	0.1836	0	0.1836	0.1836	0.1836
2016-03-11	0.1836	3926	0.1836	0.1836	0.1836
2016-03-10	0.213	0	0.213	0.213	0.213
2016-03-09	0.213	0	0.213	0.213	0.213
2016-03-08	0.213	0	0.213	0.213	0.213
2016-03-07	0.213	0	0.213	0.213	0.213
2016-03-04	0.213	0	0.213	0.213	0.213
2016-03-03	0.213	11667	0.213	0.213	0.213
2016-03-02	0.1794	5574	0.1794	0.1794	0.1794
2016-03-01	0.1764	0	0.1764	0.1764	0.1764
2016-02-29	0.1764	0	0.1764	0.1764	0.1764
2016-02-26	0.1764	0	0.1764	0.1764	0.1764
2016-02-25	0.1764	0	0.1764	0.1764	0.1764
2016-02-24	0.1764	0	0.1764	0.1764	0.1764
2016-02-23	0.1764	0	0.1764	0.1764	0.1764
2016-02-22	0.1764	2537	0.1752	0.1764	0.1752
2016-02-19	0.1548	0	0.1548	0.1548	0.1548
2016-02-18	0.1548	8687	0.204	0.204	0.1548
2016-02-17	0.1842	0	0.1842	0.1842	0.1842
2016-02-16	0.1842	0	0.1842	0.1842	0.1842
2016-02-12	0.1842	0	0.1842	0.1842	0.1842
2016-02-11	0.1842	0	0.1842	0.1842	0.1842
2016-02-10	0.1842	0	0.1842	0.1842	0.1842
2016-02-09	0.1842	0	0.1842	0.1842	0.1842
2016-02-08	0.1842	583	0.1842	0.1842	0.1842
2016-02-05	0.1908	0	0.1908	0.1908	0.1908
2016-02-04	0.1908	0	0.1908	0.1908	0.1908
2016-02-03	0.1908	0	0.1908	0.1908	0.1908
2016-02-02	0.1908	0	0.1908	0.1908	0.1908
2016-02-01	0.1908	0	0.1908	0.1908	0.1908
2016-01-29	0.1908	0	0.1908	0.1908	0.1908
2016-01-28	0.1908	1667	0.1908	0.1908	0.1908
2016-01-27	0.183	0	0.183	0.183	0.183
2016-01-26	0.183	0	0.183	0.183	0.183
2016-01-25	0.183	0	0.183	0.183	0.183
2016-01-22	0.183	8340	0.183	0.183	0.183
2016-01-21	0.1956	0	0.1956	0.1956	0.1956
2016-01-20	0.1956	0	0.1956	0.1956	0.1956
2016-01-19	0.1956	0	0.1956	0.1956	0.1956
2016-01-15	0.1956	0	0.1956	0.1956	0.1956
2016-01-14	0.1956	1714	0.177	0.1956	0.177
2016-01-13	0.1884	0	0.1884	0.1884	0.1884
2016-01-12	0.1884	0	0.1884	0.1884	0.1884
2016-01-11	0.1884	33	0.1884	0.1884	0.1884
2016-01-08	0.2568	0	0.2568	0.2568	0.2568
2016-01-07	0.2568	0	0.2568	0.2568	0.2568
2016-01-06	0.2568	0	0.2568	0.2568	0.2568
2016-01-05	0.2568	0	0.2568	0.2568	0.2568
2016-01-04	0.2568	0	0.2568	0.2568	0.2568
2015-12-31	0.2568	11667	0.2568	0.2568	0.2568
2015-12-30	0.1902	8342	0.1902	0.1902	0.1902
2015-12-29	0.246	0	0.246	0.246	0.246
2015-12-28	0.246	0	0.246	0.246	0.246
2015-12-24	0.246	0	0.246	0.246	0.246
2015-12-23	0.246	0	0.246	0.246	0.246
2015-12-22	0.246	0	0.246	0.246	0.246
2015-12-21	0.246	0	0.246	0.246	0.246
2015-12-18	0.246	35001	0.246	0.246	0.246
2015-12-17	0.2688	0	0.2688	0.2688	0.2688
2015-12-16	0.2688	38001	0.246	0.2688	0.246
2015-12-15	0.246	10500	0.246	0.246	0.246
2015-12-14	0.264	0	0.264	0.264	0.264
2015-12-11	0.264	0	0.264	0.264	0.264
2015-12-10	0.264	16667	0.264	0.264	0.264
2015-12-09	0.216	0	0.216	0.216	0.216
2015-12-08	0.216	66776	0.264	0.264	0.216
2015-12-07	0.264	8350	0.264	0.264	0.264
2015-12-04	0.2814	0	0.2814	0.2814	0.2814
2015-12-03	0.2814	0	0.2814	0.2814	0.2814
2015-12-02	0.2814	0	0.2814	0.2814	0.2814
2015-12-01	0.2814	0	0.2814	0.2814	0.2814
2015-11-30	0.2814	0	0.2814	0.2814	0.2814
2015-11-27	0.2814	0	0.2814	0.2814	0.2814
2015-11-25	0.2814	0	0.2814	0.2814	0.2814
2015-11-24	0.2814	0	0.2814	0.2814	0.2814
2015-11-23	0.2814	833	0.2814	0.2814	0.2814
2015-11-20	0.252	0	0.252	0.252	0.252
2015-11-19	0.252	0	0.252	0.252	0.252
2015-11-18	0.252	0	0.252	0.252	0.252
2015-11-17	0.252	0	0.252	0.252	0.252
2015-11-16	0.252	0	0.252	0.252	0.252
2015-11-13	0.252	0	0.252	0.252	0.252
2015-11-12	0.252	0	0.252	0.252	0.252
2015-11-11	0.252	0	0.252	0.252	0.252
2015-11-10	0.252	0	0.252	0.252	0.252
2015-11-09	0.252	62618	0.252	0.252	0.249
2015-11-06	0.252	2000	0.252	0.252	0.252
2015-11-05	0.2394	500	0.2394	0.2394	0.2394
2015-11-04	0.2574	667	0.2574	0.2574	0.2574
2015-11-03	0.264	0	0.264	0.264	0.264
2015-11-02	0.264	52168	0.2592	0.264	0.2592
2015-10-30	0.2994	0	0.2994	0.2994	0.2994
2015-10-29	0.2994	7500	0.2994	0.2994	0.2994
2015-10-28	0.2994	7500	0.291	0.2994	0.291
2015-10-27	0.3006	0	0.3006	0.3006	0.3006
2015-10-26	0.3006	0	0.3006	0.3006	0.3006
2015-10-23	0.3006	0	0.3006	0.3006	0.3006
2015-10-22	0.3006	0	0.3006	0.3006	0.3006
2015-10-21	0.3006	0	0.3006	0.3006	0.3006
2015-10-20	0.3006	0	0.3006	0.3006	0.3006
2015-10-19	0.3006	0	0.3006	0.3006	0.3006
2015-10-16	0.3006	0	0.3006	0.3006	0.3006
2015-10-15	0.3006	0	0.3006	0.3006	0.3006
2015-10-14	0.3006	0	0.3006	0.3006	0.3006
2015-10-13	0.3006	0	0.3006	0.3006	0.3006
2015-10-12	0.3006	0	0.3006	0.3006	0.3006
2015-10-09	0.3006	0	0.3006	0.3006	0.3006
2015-10-08	0.3006	0	0.3006	0.3006	0.3006
2015-10-07	0.3006	0	0.3006	0.3006	0.3006
2015-10-06	0.3006	0	0.3006	0.3006	0.3006
2015-10-05	0.3006	0	0.3006	0.3006	0.3006
2015-10-02	0.3006	0	0.3006	0.3006	0.3006
2015-10-01	0.3006	0	0.3006	0.3006	0.3006
2015-09-30	0.3006	0	0.3006	0.3006	0.3006
2015-09-29	0.3006	0	0.3006	0.3006	0.3006
2015-09-28	0.3006	8334	0.3006	0.3006	0.3006
2015-09-25	0.2694	0	0.2694	0.2694	0.2694
2015-09-24	0.2694	0	0.2694	0.2694	0.2694
2015-09-23	0.2694	0	0.2694	0.2694	0.2694
2015-09-22	0.2694	0	0.2694	0.2694	0.2694
2015-09-21	0.2694	0	0.2694	0.2694	0.2694
2015-09-18	0.2694	50	0.2694	0.2694	0.2694
2015-09-17	0.198	0	0.198	0.198	0.198
2015-09-16	0.198	0	0.198	0.198	0.198
2015-09-15	0.198	0	0.198	0.198	0.198
2015-09-14	0.198	0	0.198	0.198	0.198
2015-09-11	0.198	0	0.198	0.198	0.198
2015-09-10	0.198	0	0.198	0.198	0.198
2015-09-09	0.198	0	0.198	0.198	0.198
2015-09-08	0.198	0	0.198	0.198	0.198
2015-09-04	0.198	0	0.198	0.198	0.198
2015-09-03	0.198	0	0.198	0.198	0.198
2015-09-02	0.198	5000	0.198	0.198	0.198
2015-09-01	0.186	0	0.186	0.186	0.186
2015-08-31	0.186	0	0.186	0.186	0.186
2015-08-28	0.186	0	0.186	0.186	0.186
2015-08-27	0.186	0	0.186	0.186	0.186
2015-08-26	0.186	0	0.186	0.186	0.186
2015-08-25	0.186	0	0.186	0.186	0.186
2015-08-24	0.186	0	0.186	0.186	0.186
2015-08-21	0.186	0	0.186	0.186	0.186
2015-08-20	0.186	0	0.186	0.186	0.186
2015-08-19	0.186	0	0.186	0.186	0.186
2015-08-18	0.186	0	0.186	0.186	0.186
2015-08-17	0.186	0	0.186	0.186	0.186
2015-08-14	0.186	0	0.186	0.186	0.186
2015-08-13	0.186	5000	0.186	0.186	0.186
2015-08-12	0.192	0	0.192	0.192	0.192
2015-08-11	0.192	0	0.192	0.192	0.192
2015-08-10	0.192	0	0.192	0.192	0.192
2015-08-07	0.192	0	0.192	0.192	0.192
2015-08-06	0.192	0	0.192	0.192	0.192
2015-08-05	0.192	0	0.192	0.192	0.192
2015-08-04	0.192	0	0.192	0.192	0.192
2015-08-03	0.192	0	0.192	0.192	0.192
2015-07-31	0.192	0	0.192	0.192	0.192
2015-07-30	0.192	0	0.192	0.192	0.192
2015-07-29	0.192	0	0.192	0.192	0.192
2015-07-28	0.192	333	0.192	0.192	0.192
2015-07-27	0.27	0	0.27	0.27	0.27
2015-07-24	0.27	0	0.27	0.27	0.27
2015-07-23	0.27	0	0.27	0.27	0.27
2015-07-22	0.27	0	0.27	0.27	0.27
2015-07-21	0.27	0	0.27	0.27	0.27
2015-07-20	0.27	9000	0.24	0.27	0.24
2015-07-17	0.276	0	0.276	0.276	0.276
2015-07-16	0.276	0	0.276	0.276	0.276
2015-07-15	0.276	0	0.276	0.276	0.276
2015-07-14	0.276	0	0.276	0.276	0.276
2015-07-13	0.276	0	0.276	0.276	0.276
2015-07-10	0.276	0	0.276	0.276	0.276
2015-07-09	0.276	0	0.276	0.276	0.276
2015-07-08	0.276	0	0.276	0.276	0.276
2015-07-07	0.276	0	0.276	0.276	0.276
2015-07-06	0.276	0	0.276	0.276	0.276
2015-07-02	0.276	0	0.276	0.276	0.276
2015-07-01	0.276	0	0.276	0.276	0.276
2015-06-30	0.276	18334	0.276	0.33	0.222
2015-06-29	0.264	0	0.264	0.264	0.264
2015-06-26	0.264	4000	0.297	0.297	0.264
2015-06-25	0.324	0	0.324	0.324	0.324
2015-06-24	0.324	0	0.324	0.324	0.324
2015-06-23	0.324	0	0.324	0.324	0.324
2015-06-22	0.324	0	0.324	0.324	0.324
2015-06-19	0.324	0	0.324	0.324	0.324
2015-06-18	0.324	0	0.324	0.324	0.324
2015-06-17	0.324	0	0.324	0.324	0.324
2015-06-16	0.324	1833	0.324	0.324	0.324
2015-06-15	0.324	61335	0.3264	0.3264	0.312
2015-06-12	0.372	0	0.372	0.372	0.372
2015-06-11	0.372	0	0.372	0.372	0.372
2015-06-10	0.372	0	0.372	0.372	0.372
2015-06-09	0.372	0	0.372	0.372	0.372
2015-06-08	0.372	30167	0.3738	0.3738	0.372
2015-06-05	0.3738	0	0.3738	0.3738	0.3738
2015-06-04	0.3738	0	0.3738	0.3738	0.3738
2015-06-03	0.3738	3200	0.3738	0.3738	0.3738
2015-06-02	0.39	0	0.39	0.39	0.39
2015-06-01	0.39	0	0.39	0.39	0.39
2015-05-29	0.39	0	0.39	0.39	0.39
2015-05-28	0.39	3849	0.39	0.39	0.39
2015-05-27	0.3624	0	0.3624	0.3624	0.3624
2015-05-26	0.3624	0	0.3624	0.3624	0.3624
2015-05-22	0.3624	0	0.3624	0.3624	0.3624
2015-05-21	0.3624	0	0.3624	0.3624	0.3624
2015-05-20	0.3624	1667	0.3624	0.3624	0.3624
2015-05-19	0.4806	0	0.4806	0.4806	0.4806
2015-05-18	0.4806	0	0.4806	0.4806	0.4806
2015-05-15	0.4806	0	0.4806	0.4806	0.4806
2015-05-14	0.4806	0	0.4806	0.4806	0.4806
2015-05-13	0.4806	0	0.4806	0.4806	0.4806
2015-05-12	0.4806	7000	0.4806	0.4806	0.4806
2015-05-11	0.4536	0	0.4536	0.4536	0.4536
2015-05-08	0.4536	0	0.4536	0.4536	0.4536
2015-05-07	0.4536	0	0.4536	0.4536	0.4536
2015-05-06	0.4536	5833	0.324	0.4536	0.324
2015-05-05	0.312	0	0.312	0.312	0.312
2015-05-04	0.312	0	0.312	0.312	0.312
2015-05-01	0.312	0	0.312	0.312	0.312
2015-04-30	0.312	3333	0.312	0.312	0.312
2015-04-29	0.2952	17	0.2952	0.2952	0.2952
2015-04-28	0.276	0	0.276	0.276	0.276
2015-04-27	0.276	0	0.276	0.276	0.276
2015-04-24	0.276	0	0.276	0.276	0.276
2015-04-23	0.276	0	0.276	0.276	0.276
2015-04-22	0.276	0	0.276	0.276	0.276
2015-04-21	0.276	0	0.276	0.276	0.276
2015-04-20	0.276	150	0.276	0.276	0.276
2015-04-17	0.2814	0	0.2814	0.2814	0.2814
2015-04-16	0.2814	0	0.2814	0.2814	0.2814
2015-04-15	0.2814	0	0.2814	0.2814	0.2814
2015-04-14	0.2814	0	0.2814	0.2814	0.2814
2015-04-13	0.2814	0	0.2814	0.2814	0.2814
2015-04-10	0.2814	0	0.2814	0.2814	0.2814
2015-04-09	0.2814	14767	0.2814	0.2814	0.2814
2015-04-08	0.33	0	0.33	0.33	0.33
2015-04-07	0.33	7500	0.3	0.33	0.3
2015-04-06	0.2334	0	0.2334	0.2334	0.2334
2015-04-02	0.2334	0	0.2334	0.2334	0.2334
2015-04-01	0.2334	0	0.2334	0.2334	0.2334
2015-03-31	0.2334	0	0.2334	0.2334	0.2334
2015-03-30	0.2334	0	0.2334	0.2334	0.2334
2015-03-27	0.2334	0	0.2334	0.2334	0.2334
2015-03-26	0.2334	0	0.2334	0.2334	0.2334
2015-03-25	0.2334	0	0.2334	0.2334	0.2334
2015-03-24	0.2334	0	0.2334	0.2334	0.2334
2015-03-23	0.2334	33	0.2334	0.2334	0.2334
2015-03-20	0.2466	0	0.2466	0.2466	0.2466
2015-03-19	0.2466	0	0.2466	0.2466	0.2466
2015-03-18	0.2466	0	0.2466	0.2466	0.2466
2015-03-17	0.2466	0	0.2466	0.2466	0.2466
2015-03-16	0.2466	1217	0.2394	0.2466	0.2394
2015-03-13	0.246	0	0.246	0.246	0.246
2015-03-12	0.246	0	0.246	0.246	0.246
2015-03-11	0.246	6167	0.246	0.246	0.246
2015-03-10	0.246	35126	0.246	0.246	0.246
2015-03-09	0.246	25001	0.246	0.246	0.246
2015-03-06	0.234	0	0.234	0.234	0.234
2015-03-05	0.234	50	0.234	0.234	0.234
2015-03-04	0.192	26667	0.192	0.192	0.192
2015-03-03	0.2136	0	0.2136	0.2136	0.2136
2015-03-02	0.2136	0	0.2136	0.2136	0.2136
2015-02-27	0.2136	0	0.2136	0.2136	0.2136
2015-02-26	0.2136	0	0.2136	0.2136	0.2136
2015-02-25	0.2136	370	0.2136	0.2136	0.2136
2015-02-24	0.2034	0	0.2034	0.2034	0.2034
2015-02-23	0.2034	0	0.2034	0.2034	0.2034
2015-02-20	0.2034	0	0.2034	0.2034	0.2034
2015-02-19	0.2034	0	0.2034	0.2034	0.2034
2015-02-18	0.2034	0	0.2034	0.2034	0.2034
2015-02-17	0.2034	0	0.2034	0.2034	0.2034
2015-02-13	0.2034	0	0.2034	0.2034	0.2034
2015-02-12	0.2034	0	0.2034	0.2034	0.2034
2015-02-11	0.2034	0	0.2034	0.2034	0.2034
2015-02-10	0.2034	2667	0.21	0.21	0.2034
2015-02-09	0.2454	0	0.2454	0.2454	0.2454
2015-02-06	0.2454	0	0.2454	0.2454	0.2454
2015-02-05	0.2454	0	0.2454	0.2454	0.2454
2015-02-04	0.2454	7000	0.2454	0.2454	0.2454
2015-02-03	0.2418	0	0.2418	0.2418	0.2418
2015-02-02	0.2418	0	0.2418	0.2418	0.2418
2015-01-30	0.2418	0	0.2418	0.2418	0.2418
2015-01-29	0.2418	0	0.2418	0.2418	0.2418
2015-01-28	0.2418	0	0.2418	0.2418	0.2418
2015-01-27	0.2418	0	0.2418	0.2418	0.2418
2015-01-26	0.2418	0	0.2418	0.2418	0.2418
2015-01-23	0.2418	9667	0.2418	0.2418	0.2418
2015-01-22	0.2256	0	0.2256	0.2256	0.2256
2015-01-21	0.2256	0	0.2256	0.2256	0.2256
2015-01-20	0.2256	27501	0.2118	0.2256	0.2118
2015-01-16	0.2256	0	0.2256	0.2256	0.2256
2015-01-15	0.2256	1667	0.2256	0.2256	0.2256
2015-01-14	0.24	0	0.24	0.24	0.24
2015-01-13	0.24	8334	0.24	0.24	0.24
2015-01-12	0.21	0	0.21	0.21	0.21
2015-01-09	0.21	0	0.21	0.21	0.21
2015-01-08	0.21	0	0.21	0.21	0.21
2015-01-07	0.21	0	0.21	0.21	0.21
2015-01-06	0.21	0	0.21	0.21	0.21
2015-01-05	0.21	22967	0.21	0.21	0.21
2015-01-02	0.21	0	0.21	0.21	0.21
2014-12-31	0.21	2033	0.21	0.21	0.21
2014-12-30	0.21	0	0.21	0.21	0.21
2014-12-29	0.21	22967	0.21	0.21	0.21
2014-12-26	0.21	0	0.21	0.21	0.21
2014-12-24	0.21	2033	0.21	0.21	0.21
2014-12-23	0.15	0	0.15	0.15	0.15
2014-12-22	0.15	0	0.15	0.15	0.15
2014-12-19	0.15	0	0.15	0.15	0.15
2014-12-18	0.15	0	0.15	0.15	0.15
2014-12-17	0.15	0	0.15	0.15	0.15
2014-12-16	0.15	0	0.15	0.15	0.15
2014-12-15	0.15	18	0.15	0.15	0.15
2014-12-12	0.186	1400	0.186	0.186	0.186
2014-12-11	0.18	0	0.18	0.18	0.18
2014-12-10	0.18	0	0.18	0.18	0.18
2014-12-09	0.18	0	0.18	0.18	0.18
2014-12-08	0.18	0	0.18	0.18	0.18
2014-12-05	0.18	683	0.1914	0.1914	0.18
2014-12-04	0.246	31667	0.246	0.246	0.246
2014-12-03	0.2772	833	0.2772	0.2772	0.2772
2014-12-02	0.2652	0	0.2652	0.2652	0.2652
2014-12-01	0.2652	0	0.2652	0.2652	0.2652
2014-11-28	0.2652	0	0.2652	0.2652	0.2652
2014-11-26	0.2652	0	0.2652	0.2652	0.2652
2014-11-25	0.2652	0	0.2652	0.2652	0.2652
2014-11-24	0.2652	0	0.2652	0.2652	0.2652
2014-11-21	0.2652	0	0.2652	0.2652	0.2652
2014-11-20	0.2652	0	0.2652	0.2652	0.2652
2014-11-19	0.2652	35001	0.252	0.2652	0.252
2014-11-18	0.18	0	0.18	0.18	0.18
2014-11-17	0.18	0	0.18	0.18	0.18
2014-11-14	0.1818	0	0.1818	0.1818	0.1818
2014-11-13	0.1818	258	0.1818	0.1818	0.1818
2014-11-12	0.21	0	0.21	0.21	0.21
2014-11-11	0.21	0	0.21	0.21	0.21
2014-11-10	0.21	0	0.21	0.21	0.21
2014-11-07	0.21	0	0.21	0.21	0.21
2014-11-06	0.21	0	0.21	0.21	0.21
2014-11-05	0.21	4178	0.21	0.21	0.21
2014-11-04	0.216	0	0.216	0.216	0.216
2014-11-03	0.216	12867	0.234	0.234	0.21
2014-10-31	0.228	0	0.228	0.228	0.228
2014-10-30	0.228	0	0.228	0.228	0.228
2014-10-29	0.228	6167	0.2118	0.228	0.2118
2014-10-28	0.2106	167	0.2106	0.2106	0.2106
2014-10-27	0.246	0	0.246	0.246	0.246
2014-10-24	0.246	0	0.246	0.246	0.246
2014-10-23	0.246	9334	0.246	0.246	0.246
2014-10-22	0.2358	0	0.2358	0.2358	0.2358
2014-10-21	0.2358	0	0.2358	0.2358	0.2358
2014-10-20	0.2358	0	0.2358	0.2358	0.2358
2014-10-17	0.2358	0	0.2358	0.2358	0.2358
2014-10-16	0.2358	10000	0.2358	0.2358	0.2358
2014-10-15	0.2364	0	0.2364	0.2364	0.2364
2014-10-14	0.2364	0	0.2364	0.2364	0.2364
2014-10-13	0.2364	0	0.2364	0.2364	0.2364
2014-10-10	0.2364	0	0.2364	0.2364	0.2364
2014-10-09	0.2364	0	0.2364	0.2364	0.2364
2014-10-08	0.2364	0	0.2364	0.2364	0.2364
2014-10-07	0.2364	0	0.2364	0.2364	0.2364
2014-10-06	0.2364	0	0.2364	0.2364	0.2364
2014-10-03	0.2364	16667	0.2364	0.2364	0.2364
2014-10-02	0.246	0	0.246	0.246	0.246
2014-10-01	0.246	0	0.246	0.246	0.246
2014-09-30	0.246	0	0.246	0.246	0.246
2014-09-29	0.246	20667	0.258	0.258	0.246
2014-09-26	0.2664	0	0.2664	0.2664	0.2664
2014-09-25	0.2664	1676	0.2664	0.2664	0.2664
2014-09-24	0.3066	0	0.3066	0.3066	0.3066
2014-09-23	0.3066	0	0.3066	0.3066	0.3066
2014-09-22	0.3066	0	0.3066	0.3066	0.3066
2014-09-19	0.3066	0	0.3066	0.3066	0.3066
2014-09-18	0.3066	0	0.3066	0.3066	0.3066
2014-09-17	0.3066	0	0.3066	0.3066	0.3066
2014-09-16	0.3066	0	0.3066	0.3066	0.3066
2014-09-15	0.3066	0	0.3066	0.3066	0.3066
2014-09-12	0.3066	34	0.3066	0.3066	0.3066
2014-09-11	0.3894	0	0.3894	0.3894	0.3894
2014-09-10	0.3894	0	0.3894	0.3894	0.3894
2014-09-09	0.3894	0	0.3894	0.3894	0.3894
2014-09-08	0.3894	0	0.3894	0.3894	0.3894
2014-09-05	0.3894	0	0.3894	0.3894	0.3894
2014-09-04	0.3894	0	0.3894	0.3894	0.3894
2014-09-03	0.3894	0	0.3894	0.3894	0.3894
2014-09-02	0.3894	0	0.3894	0.3894	0.3894
2014-08-29	0.3894	417	0.3894	0.3894	0.3894
2014-08-28	0.318	7000	0.318	0.318	0.318
2014-08-27	0.354	9667	0.372	0.372	0.354
2014-08-26	0.3672	0	0.3672	0.3672	0.3672
2014-08-25	0.3672	78502	0.36	0.3672	0.36
2014-08-22	0.318	15334	0.3	0.318	0.2988
2014-08-21	0.36	0	0.36	0.36	0.36
2014-08-20	0.36	0	0.36	0.36	0.36
2014-08-19	0.36	0	0.36	0.36	0.36
2014-08-18	0.36	0	0.36	0.36	0.36
2014-08-15	0.36	0	0.36	0.36	0.36
2014-08-14	0.36	0	0.36	0.36	0.36
2014-08-13	0.36	833	0.36	0.36	0.36
2014-08-12	0.3	22000	0.3258	0.3258	0.2988
2014-08-11	0.2994	0	0.2994	0.2994	0.2994
2014-08-08	0.2994	0	0.2994	0.2994	0.2994
2014-08-07	0.2994	0	0.2994	0.2994	0.2994
2014-08-06	0.2994	0	0.2994	0.2994	0.2994
2014-08-05	0.2994	0	0.2994	0.2994	0.2994
2014-08-04	0.2994	144	0.2994	0.2994	0.2994
2014-08-01	0.3606	0	0.3606	0.3606	0.3606
2014-07-31	0.3606	0	0.3606	0.3606	0.3606
2014-07-30	0.3606	0	0.3606	0.3606	0.3606
2014-07-29	0.3606	1667	0.3606	0.3606	0.3606
2014-07-28	0.3606	0	0.3606	0.3606	0.3606
2014-07-25	0.3606	0	0.3606	0.3606	0.3606
2014-07-24	0.3606	0	0.3606	0.3606	0.3606
2014-07-23	0.3606	0	0.3606	0.3606	0.3606
2014-07-22	0.3606	2500	0.3612	0.3612	0.3606
2014-07-21	0.4338	83	0.4338	0.4338	0.4338
2014-07-18	0.4614	0	0.4614	0.4614	0.4614
2014-07-17	0.4614	83	0.4614	0.4614	0.4614
2014-07-16	0.3894	0	0.3894	0.3894	0.3894
2014-07-15	0.3894	833	0.3894	0.3894	0.3894
2014-07-14	0.378	0	0.378	0.378	0.378
2014-07-11	0.378	0	0.378	0.378	0.378
2014-07-10	0.378	0	0.378	0.378	0.378
2014-07-09	0.378	2833	0.378	0.378	0.378
2014-07-08	0.3942	0	0.3942	0.3942	0.3942
2014-07-07	0.3942	0	0.3942	0.3942	0.3942
2014-07-03	0.3942	0	0.3942	0.3942	0.3942
2014-07-02	0.3942	0	0.3942	0.3942	0.3942
2014-07-01	0.3942	0	0.3942	0.3942	0.3942
2014-06-30	0.3942	0	0.3942	0.3942	0.3942
2014-06-27	0.3942	0	0.3942	0.3942	0.3942
2014-06-26	0.3942	0	0.3942	0.3942	0.3942
2014-06-25	0.3942	5667	0.3942	0.3942	0.3942
2014-06-24	0.3048	0	0.3048	0.3048	0.3048
2014-06-23	0.3048	6167	0.3936	0.3936	0.3048
2014-06-20	0.4212	2500	0.4212	0.4212	0.4212
2014-06-19	0.318	0	0.318	0.318	0.318
2014-06-18	0.318	0	0.318	0.318	0.318
2014-06-17	0.318	4000	0.318	0.318	0.318
2014-06-16	0.2736	1050	0.3	0.3	0.2736
2014-06-13	0.3126	0	0.3126	0.3126	0.3126
2014-06-12	0.3126	33	0.3126	0.3126	0.3126
2014-06-11	0.3174	0	0.3174	0.3174	0.3174
2014-06-10	0.3174	0	0.3174	0.3174	0.3174
2014-06-09	0.3174	0	0.3174	0.3174	0.3174
2014-06-06	0.3174	0	0.3174	0.3174	0.3174
2014-06-05	0.3174	0	0.3174	0.3174	0.3174
2014-06-04	0.3174	0	0.3174	0.3174	0.3174
2014-06-03	0.3174	0	0.3174	0.3174	0.3174
2014-06-02	0.3174	23	0.3174	0.3174	0.3174
2014-05-30	0.312	0	0.312	0.312	0.312
2014-05-29	0.312	0	0.312	0.312	0.312
2014-05-28	0.312	2667	0.312	0.312	0.312
2014-05-27	0.273	0	0.273	0.273	0.273
2014-05-23	0.273	0	0.273	0.273	0.273
2014-05-22	0.273	0	0.273	0.273	0.273
2014-05-21	0.273	0	0.273	0.273	0.273
2014-05-20	0.273	0	0.273	0.273	0.273
2014-05-19	0.273	0	0.273	0.273	0.273
2014-05-16	0.273	0	0.273	0.273	0.273
2014-05-15	0.273	0	0.273	0.273	0.273
2014-05-14	0.273	0	0.273	0.273	0.273
2014-05-13	0.273	0	0.273	0.273	0.273
2014-05-12	0.273	58	0.273	0.273	0.273
2014-05-09	0.318	0	0.318	0.318	0.318
2014-05-08	0.318	0	0.318	0.318	0.318
2014-05-07	0.318	0	0.318	0.318	0.318
2014-05-06	0.318	0	0.318	0.318	0.318
2014-05-05	0.318	0	0.318	0.318	0.318
2014-05-02	0.318	0	0.318	0.318	0.318
2014-05-01	0.318	1000	0.318	0.318	0.318
2014-04-30	0.3564	0	0.3564	0.3564	0.3564
2014-04-29	0.3564	0	0.3564	0.3564	0.3564
2014-04-28	0.3564	0	0.3564	0.3564	0.3564
2014-04-25	0.3564	833	0.3564	0.3564	0.3564
2014-04-24	0.3	0	0.3	0.3	0.3
2014-04-23	0.3	0	0.3	0.3	0.3
2014-04-22	0.3	417	0.3	0.3	0.3
2014-04-21	0.339	25001	0.339	0.339	0.339
2014-04-17	0.4146	0	0.4146	0.4146	0.4146
2014-04-16	0.4146	0	0.4146	0.4146	0.4146
2014-04-15	0.4146	0	0.4146	0.4146	0.4146
2014-04-14	0.4146	0	0.4146	0.4146	0.4146
2014-04-11	0.4146	0	0.4146	0.4146	0.4146
2014-04-10	0.4146	50834	0.4146	0.4152	0.4146
2014-04-09	0.4146	417	0.4146	0.4146	0.4146
2014-04-08	0.411	0	0.411	0.411	0.411
2014-04-07	0.411	1667	0.411	0.411	0.411
2014-04-04	0.3894	0	0.3894	0.3894	0.3894
2014-04-03	0.3894	0	0.3894	0.3894	0.3894
2014-04-02	0.3894	0	0.3894	0.3894	0.3894
2014-04-01	0.3894	0	0.3894	0.3894	0.3894
2014-03-31	0.3894	0	0.3894	0.3894	0.3894
2014-03-28	0.3894	0	0.3894	0.3894	0.3894
2014-03-27	0.3894	0	0.3894	0.3894	0.3894
2014-03-26	0.3894	0	0.3894	0.3894	0.3894
2014-03-25	0.3894	0	0.3894	0.3894	0.3894
2014-03-24	0.3894	4667	0.3894	0.39	0.3894
2014-03-21	0.4194	0	0.4194	0.4194	0.4194
2014-03-20	0.4194	18667	0.4194	0.4302	0.3882
2014-03-19	0.3498	0	0.3498	0.3498	0.3498
2014-03-18	0.3498	15000	0.3498	0.3498	0.3498
2014-03-17	0.4368	167	0.4368	0.4368	0.4368
2014-03-14	0.4362	25583	0.36	0.4362	0.3486
2014-03-13	0.42	0	0.42	0.42	0.42
2014-03-12	0.42	2333	0.42	0.42	0.42
2014-03-11	0.456	0	0.456	0.456	0.456
2014-03-10	0.456	0	0.456	0.456	0.456
2014-03-07	0.456	0	0.456	0.456	0.456
2014-03-06	0.456	667	0.456	0.456	0.3918
2014-03-05	0.3762	0	0.3762	0.3762	0.3762
2014-03-04	0.3762	0	0.3762	0.3762	0.3762
2014-03-03	0.3762	0	0.3762	0.3762	0.3762
2014-02-28	0.3762	0	0.3762	0.3762	0.3762
2014-02-27	0.3762	0	0.3762	0.3762	0.3762
2014-02-26	0.3762	0	0.3762	0.3762	0.3762
2014-02-25	0.3762	0	0.3762	0.3762	0.3762
2014-02-24	0.3762	25	0.3762	0.3762	0.3762
2014-02-21	0.48	0	0.48	0.48	0.48
2014-02-20	0.48	0	0.48	0.48	0.48
2014-02-19	0.48	0	0.48	0.48	0.48
2014-02-18	0.48	0	0.48	0.48	0.48
2014-02-14	0.48	0	0.48	0.48	0.48
2014-02-13	0.48	0	0.48	0.48	0.48
2014-02-12	0.48	0	0.48	0.48	0.48
2014-02-11	0.48	0	0.48	0.48	0.48
2014-02-10	0.48	0	0.48	0.48	0.48
2014-02-07	0.48	0	0.48	0.48	0.48
2014-02-06	0.48	1667	0.48	0.48	0.48
2014-02-05	0.48	1667	0.48	0.48	0.48
2014-02-04	0.4296	0	0.4296	0.4296	0.4296
2014-02-03	0.4296	0	0.4296	0.4296	0.4296
2014-01-31	0.4296	0	0.4296	0.4296	0.4296
2014-01-30	0.4296	0	0.4296	0.4296	0.4296
2014-01-29	0.4296	0	0.4296	0.4296	0.4296
2014-01-28	0.4296	0	0.4296	0.4296	0.4296
2014-01-27	0.4296	0	0.4296	0.4296	0.4296
2014-01-24	0.4296	4500	0.4296	0.4296	0.4296
2014-01-23	0.4284	1667	0.4284	0.4284	0.4284
2014-01-22	0.444	0	0.444	0.444	0.444
2014-01-21	0.444	0	0.444	0.444	0.444
2014-01-17	0.444	0	0.444	0.444	0.444
2014-01-16	0.444	0	0.444	0.444	0.444
2014-01-15	0.444	0	0.444	0.444	0.444
2014-01-14	0.444	0	0.444	0.444	0.444
2014-01-13	0.444	583	0.444	0.444	0.444
2014-01-10	0.4632	0	0.4632	0.4632	0.4632
2014-01-09	0.4632	0	0.4632	0.4632	0.4632
2014-01-08	0.4632	0	0.4632	0.4632	0.4632
2014-01-07	0.4632	0	0.4632	0.4632	0.4632
2014-01-06	0.4632	0	0.4632	0.4632	0.4632
2014-01-03	0.4632	0	0.4632	0.4632	0.4632
2014-01-02	0.4632	0	0.4632	0.4632	0.4632
2013-12-31	0.4632	0	0.4632	0.4632	0.4632
2013-12-30	0.4632	0	0.4632	0.4632	0.4632
2013-12-27	0.4632	833	0.4632	0.4632	0.4632
2013-12-26	0.408	0	0.408	0.408	0.408
2013-12-24	0.408	0	0.408	0.408	0.408
2013-12-23	0.408	0	0.408	0.408	0.408
2013-12-20	0.408	0	0.408	0.408	0.408
2013-12-19	0.408	1667	0.408	0.408	0.408
2013-12-18	0.48	0	0.48	0.48	0.48
2013-12-17	0.48	0	0.48	0.48	0.48
2013-12-16	0.48	0	0.48	0.48	0.48
2013-12-13	0.48	4750	0.3798	0.48	0.3798
2013-12-12	0.3942	0	0.3942	0.3942	0.3942
2013-12-11	0.3942	60	0.3942	0.3942	0.3942
2013-12-10	0.384	8334	0.384	0.384	0.384
2013-12-09	0.336	0	0.336	0.336	0.336
2013-12-06	0.336	0	0.336	0.336	0.336
2013-12-05	0.336	167	0.336	0.336	0.336
2013-12-04	0.456	0	0.456	0.456	0.456
2013-12-03	0.456	0	0.456	0.456	0.456
2013-12-02	0.456	2667	0.474	0.474	0.456
2013-11-29	0.54	0	0.54	0.54	0.54
2013-11-27	0.54	0	0.54	0.54	0.54
2013-11-26	0.54	0	0.54	0.54	0.54
2013-11-25	0.54	0	0.54	0.54	0.54
2013-11-22	0.54	1667	0.54	0.54	0.54
2013-11-21	0.54	2500	0.54	0.54	0.54
2013-11-20	0.4578	33	0.4578	0.4578	0.4578
2013-11-19	0.519	10034	0.5598	0.5598	0.519
2013-11-18	0.5136	0	0.5136	0.5136	0.5136
2013-11-15	0.5136	0	0.5136	0.5136	0.5136
2013-11-14	0.5136	0	0.5136	0.5136	0.5136
2013-11-13	0.5136	0	0.5136	0.5136	0.5136
2013-11-12	0.5136	0	0.5136	0.5136	0.5136
2013-11-11	0.5136	7833	0.5136	0.5136	0.5136
2013-11-08	0.642	0	0.642	0.642	0.642
2013-11-07	0.642	0	0.642	0.642	0.642
2013-11-06	0.642	0	0.642	0.642	0.642
2013-11-05	0.642	0	0.642	0.642	0.642
2013-11-04	0.642	0	0.642	0.642	0.642
2013-11-01	0.642	0	0.642	0.642	0.642
2013-10-31	0.642	0	0.642	0.642	0.642
2013-10-30	0.642	0	0.642	0.642	0.642
2013-10-29	0.642	0	0.642	0.642	0.642
2013-10-28	0.642	0	0.642	0.642	0.642
2013-10-25	0.642	0	0.642	0.642	0.642
2013-10-24	0.642	0	0.642	0.642	0.642
2013-10-23	0.642	0	0.642	0.642	0.642
2013-10-22	0.642	0	0.642	0.642	0.642
2013-10-21	0.642	2333	0.642	0.642	0.642
2013-10-18	0.648	0	0.648	0.648	0.648
2013-10-17	0.648	0	0.648	0.648	0.648
2013-10-16	0.648	0	0.648	0.648	0.648
2013-10-15	0.648	0	0.648	0.648	0.648
2013-10-14	0.648	0	0.648	0.648	0.648
2013-10-11	0.648	0	0.648	0.648	0.648
2013-10-10	0.648	0	0.648	0.648	0.648
2013-10-09	0.648	1808	0.72	0.72	0.648
2013-10-08	0.726	11500	0.654	0.726	0.642
2013-10-07	0.66	0	0.66	0.66	0.66
2013-10-04	0.66	5000	0.66	0.66	0.66
2013-10-03	0.63	5833	0.63	0.63	0.63
2013-10-02	0.696	25001	0.696	0.696	0.696
2013-10-01	0.6084	1328	0.6084	0.6084	0.6084
2013-09-30	0.6288	0	0.6288	0.6288	0.6288
2013-09-27	0.6288	0	0.6288	0.6288	0.6288
2013-09-26	0.6288	0	0.6288	0.6288	0.6288
2013-09-25	0.6288	0	0.6288	0.6288	0.6288
2013-09-24	0.6288	0	0.6288	0.6288	0.6288
2013-09-23	0.6288	0	0.6288	0.6288	0.6288
2013-09-20	0.6288	0	0.6288	0.6288	0.6288
2013-09-19	0.6288	0	0.6288	0.6288	0.6288
2013-09-18	0.6288	0	0.6288	0.6288	0.6288
2013-09-17	0.6288	0	0.6288	0.6288	0.6288
2013-09-16	0.6288	0	0.6288	0.6288	0.6288
2013-09-13	0.6288	0	0.6288	0.6288	0.6288
2013-09-12	0.6288	0	0.6288	0.6288	0.6288
2013-09-11	0.6288	0	0.6288	0.6288	0.6288
2013-09-10	0.6288	0	0.6288	0.6288	0.6288
2013-09-09	0.6288	0	0.6288	0.6288	0.6288
2013-09-06	0.6288	0	0.6288	0.6288	0.6288
2013-09-05	0.6288	0	0.6288	0.6288	0.6288
2013-09-04	0.6288	0	0.6288	0.6288	0.6288
2013-09-03	0.6288	0	0.6288	0.6288	0.6288
2013-08-30	0.6288	0	0.6288	0.6288	0.6288
2013-08-29	0.6288	0	0.6288	0.6288	0.6288
2013-08-28	0.6288	0	0.6288	0.6288	0.6288
2013-08-27	0.6288	0	0.6288	0.6288	0.6288
2013-08-26	0.6288	0	0.6288	0.6288	0.6288
2013-08-23	0.6288	1328	0.5988	0.6288	0.5988
2013-08-22	0.534	0	0.534	0.534	0.534
2013-08-21	0.534	0	0.534	0.534	0.534
2013-08-20	0.534	0	0.534	0.534	0.534
2013-08-19	0.534	0	0.534	0.534	0.534
2013-08-16	0.534	0	0.534	0.534	0.534
2013-08-15	0.534	0	0.534	0.534	0.534
2013-08-14	0.534	0	0.534	0.534	0.534
2013-08-13	0.534	0	0.534	0.534	0.534
2013-08-12	0.534	0	0.534	0.534	0.534
2013-08-09	0.534	0	0.534	0.534	0.534
2013-08-08	0.534	0	0.534	0.534	0.534
2013-08-07	0.534	0	0.534	0.534	0.534
2013-08-06	0.534	0	0.534	0.534	0.534
2013-08-05	0.534	0	0.534	0.534	0.534
2013-08-02	0.534	0	0.534	0.534	0.534
2013-08-01	0.534	0	0.534	0.534	0.534
2013-07-31	0.534	0	0.534	0.534	0.534
2013-07-30	0.534	0	0.534	0.534	0.534
2013-07-29	0.534	0	0.534	0.534	0.534
2013-07-26	0.534	0	0.534	0.534	0.534
2013-07-25	0.534	0	0.534	0.534	0.534
2013-07-24	0.534	0	0.534	0.534	0.534
2013-07-23	0.534	0	0.534	0.534	0.534
2013-07-22	0.534	0	0.534	0.534	0.534
2013-07-19	0.534	0	0.534	0.534	0.534
2013-07-18	0.534	294	0.534	0.534	0.534
2013-07-17	0.63	0	0.63	0.63	0.63
2013-07-16	0.63	0	0.63	0.63	0.63
2013-07-15	0.63	16667	0.63	0.63	0.63
2013-07-12	0.618	0	0.618	0.618	0.618
2013-07-11	0.618	1667	0.618	0.618	0.618
2013-07-10	0.5694	5833	0.654	0.654	0.5694
2013-07-09	0.5652	0	0.5652	0.5652	0.5652
2013-07-08	0.5652	833	0.5652	0.5652	0.5652
2013-07-05	0.51	0	0.51	0.51	0.51
2013-07-03	0.51	0	0.51	0.51	0.51
2013-07-02	0.51	50	0.51	0.51	0.51
2013-07-01	0.582	0	0.582	0.582	0.582
2013-06-28	0.582	0	0.582	0.582	0.582
2013-06-27	0.582	0	0.582	0.582	0.582
2013-06-26	0.582	33	0.582	0.582	0.582
2013-06-25	0.582	1167	0.582	0.582	0.582
2013-06-24	0.6498	0	0.6498	0.6498	0.6498
2013-06-21	0.6498	0	0.6498	0.6498	0.6498
2013-06-20	0.6498	0	0.6498	0.6498	0.6498
2013-06-19	0.6498	0	0.6498	0.6498	0.6498
2013-06-18	0.6498	0	0.6498	0.6498	0.6498
2013-06-17	0.6498	0	0.6498	0.6498	0.6498
2013-06-14	0.6498	833	0.6498	0.6498	0.6498
2013-06-13	0.6174	0	0.6174	0.6174	0.6174
2013-06-12	0.6174	0	0.6174	0.6174	0.6174
2013-06-11	0.6174	0	0.6174	0.6174	0.6174
2013-06-10	0.6174	667	0.6174	0.6174	0.6174
2013-06-07	0.618	43334	0.6162	0.618	0.6156
2013-06-06	0.825	0	0.825	0.825	0.825
2013-06-05	0.825	0	0.825	0.825	0.825
2013-06-04	0.825	0	0.825	0.825	0.825
2013-06-03	0.825	0	0.825	0.825	0.825
2013-05-31	0.825	0	0.825	0.825	0.825
2013-05-30	0.825	0	0.825	0.825	0.825
2013-05-29	0.825	0	0.825	0.825	0.825
2013-05-28	0.825	0	0.825	0.825	0.825
2013-05-24	0.825	8834	0.825	0.825	0.825
2013-05-23	0.72	0	0.72	0.72	0.72
2013-05-22	0.72	167	0.72	0.72	0.72
2013-05-21	0.7284	0	0.7284	0.7284	0.7284
2013-05-20	0.7284	0	0.7284	0.7284	0.7284
2013-05-17	0.7284	2878	0.741	0.744	0.7284
2013-05-16	0.72	1000	0.72	0.72	0.72
2013-05-15	0.7068	833	0.7068	0.7068	0.7068
2013-05-14	0.699	0	0.699	0.699	0.699
2013-05-13	0.699	0	0.699	0.699	0.699
2013-05-10	0.699	0	0.699	0.699	0.699
2013-05-09	0.699	1667	0.699	0.699	0.699
2013-05-08	0.714	0	0.714	0.714	0.714
2013-05-07	0.714	0	0.714	0.714	0.714
2013-05-06	0.714	23	0.714	0.714	0.714
2013-05-03	0.756	2500	0.798	0.798	0.726
2013-05-02	0.7602	0	0.7602	0.7602	0.7602
2013-05-01	0.7602	5167	0.7602	0.7602	0.699
2013-04-30	0.729	1667	0.729	0.729	0.729
2013-04-29	0.75	0	0.75	0.75	0.75
2013-04-26	0.75	1667	0.75	0.75	0.75
2013-04-25	0.7602	0	0.7602	0.7602	0.7602
2013-04-24	0.7602	0	0.7602	0.7602	0.7602
2013-04-23	0.7602	667	0.771	0.771	0.7602
2013-04-22	0.7602	0	0.7602	0.7602	0.7602
2013-04-19	0.7602	0	0.7602	0.7602	0.7602
2013-04-18	0.7602	0	0.7602	0.7602	0.7602
2013-04-17	0.7602	1667	0.7608	0.7608	0.7602
2013-04-16	0.891	0	0.891	0.891	0.891
2013-04-15	0.891	0	0.891	0.891	0.891
2013-04-12	0.891	0	0.891	0.891	0.891
2013-04-11	0.891	833	0.891	0.891	0.891
2013-04-10	0.774	4567	0.774	0.786	0.774
2013-04-09	0.7968	5167	0.8262	0.8262	0.7968
2013-04-08	0.972	0	0.972	0.972	0.972
2013-04-05	0.972	0	0.972	0.972	0.972
2013-04-04	0.972	0	0.972	0.972	0.972
2013-04-03	0.972	0	0.972	0.972	0.972
2013-04-02	0.972	0	0.972	0.972	0.972
2013-04-01	0.972	333	0.972	0.972	0.972
2013-03-28	0.9744	9667	0.9744	0.9744	0.9744
2013-03-27	0.96	0	0.96	0.96	0.96
2013-03-26	0.96	0	0.96	0.96	0.96
2013-03-25	0.96	500	0.96	0.96	0.96
2013-03-22	0.966	0	0.966	0.966	0.966
2013-03-21	0.966	42601	0.9678	0.9678	0.9
2013-03-20	0.774	500	0.774	0.774	0.774
2013-03-19	0.7896	0	0.7896	0.7896	0.7896
2013-03-18	0.7896	0	0.7896	0.7896	0.7896
2013-03-15	0.7896	0	0.7896	0.7896	0.7896
2013-03-14	0.7896	3000	0.7896	0.7896	0.7896
2013-03-13	0.8178	0	0.8178	0.8178	0.8178
2013-03-12	0.8178	0	0.8178	0.8178	0.8178
2013-03-11	0.8178	0	0.8178	0.8178	0.8178
2013-03-08	0.8178	1667	0.8178	0.8178	0.8178
2013-03-07	0.8754	0	0.8754	0.8754	0.8754
2013-03-06	0.8754	0	0.8754	0.8754	0.8754
2013-03-05	0.8754	0	0.8754	0.8754	0.8754
2013-03-04	0.8754	12084	0.7866	0.8754	0.7866
2013-03-01	0.858	250	0.858	0.858	0.858
2013-02-28	0.858	0	0.858	0.858	0.858
2013-02-27	0.858	0	0.858	0.858	0.858
2013-02-26	0.858	4667	0.891	0.891	0.858
2013-02-25	0.891	4167	0.918	0.918	0.891
2013-02-22	0.9552	0	0.9552	0.9552	0.9552
2013-02-21	0.9552	50	0.9552	0.9552	0.9552
2013-02-20	1.038	833	1.038	1.038	1.038
2013-02-19	1.0374	58	1.0374	1.0374	1.0374
2013-02-15	0.954	3667	0.924	0.954	0.924
2013-02-14	1.0476	0	1.0476	1.0476	1.0476
2013-02-13	1.0476	333	1.0476	1.0476	1.0476
2013-02-12	1.0482	0	1.0482	1.0482	1.0482
2013-02-11	1.0482	0	1.0482	1.0482	1.0482
2013-02-08	1.0482	10600	1.0482	1.056	1.0482
2013-02-07	1.0548	0	1.0548	1.0548	1.0548
2013-02-06	1.0548	294	1.0548	1.0548	1.0548
2013-02-05	1.02	0	1.02	1.02	1.02
2013-02-04	1.02	2850	1.02	1.02	1.02
2013-02-01	0.9918	3500	0.9906	1.038	0.9906
2013-01-31	0.9	50	0.9	0.9	0.9
2013-01-30	0.9	2500	0.9	0.9	0.9
2013-01-29	0.9	0	0.9	0.9	0.9
2013-01-28	0.9	233	0.891	0.9	0.891
2013-01-25	0.84	0	0.84	0.84	0.84
2013-01-24	0.84	0	0.84	0.84	0.84
2013-01-23	0.84	16717	0.9378	0.9378	0.84
2013-01-22	1.05	0	1.05	1.05	1.05
2013-01-18	1.05	0	1.05	1.05	1.05
2013-01-17	1.05	0	1.05	1.05	1.05
2013-01-16	1.05	0	1.05	1.05	1.05
2013-01-15	1.05	27	1.05	1.05	1.05
2013-01-14	0.996	0	0.996	0.996	0.996
2013-01-11	0.996	0	0.996	0.996	0.996
2013-01-10	0.996	0	0.996	0.996	0.996
2013-01-09	0.996	0	0.996	0.996	0.996
2013-01-08	0.996	0	0.996	0.996	0.996
2013-01-07	0.996	0	0.996	0.996	0.996
2013-01-04	0.996	0	0.996	0.996	0.996
2013-01-03	0.996	0	0.996	0.996	0.996
2013-01-02	0.996	0	0.996	0.996	0.996
2012-12-31	0.996	16692	0.888	0.996	0.888
2012-12-28	0.858	1667	0.858	0.858	0.858
2012-12-27	0.786	0	0.786	0.786	0.786
2012-12-26	0.786	3342	0.81	0.81	0.786
2012-12-24	0.78	0	0.78	0.78	0.78
2012-12-21	0.78	0	0.78	0.78	0.78
2012-12-20	0.78	44584	0.78	0.78	0.78
2012-12-19	0.7002	0	0.7002	0.7002	0.7002
2012-12-18	0.7002	2933	0.72	0.72	0.7002
2012-12-17	0.84	0	0.84	0.84	0.84
2012-12-14	0.84	0	0.84	0.84	0.84
2012-12-13	0.84	2667	0.84	0.84	0.84
2012-12-12	0.825	0	0.825	0.825	0.825
2012-12-11	0.825	2833	0.825	0.825	0.825
2012-12-10	0.7896	12084	0.7896	0.7896	0.7896
2012-12-07	0.786	0	0.786	0.786	0.786
2012-12-06	0.786	8667	0.8172	0.8178	0.786
2012-12-05	0.771	1017	0.771	0.771	0.771
2012-12-04	0.876	10334	0.8772	0.8772	0.876
2012-12-03	0.9	0	0.9	0.9	0.9
2012-11-30	0.9	0	0.9	0.9	0.9
2012-11-29	0.9	0	0.9	0.9	0.9
2012-11-28	0.9	0	0.9	0.9	0.9
2012-11-27	0.9	11925	0.9084	0.9084	0.8556
2012-11-26	0.855	0	0.855	0.855	0.855
2012-11-23	0.855	0	0.855	0.855	0.855
2012-11-21	0.855	0	0.855	0.855	0.855
2012-11-20	0.855	3500	0.918	0.918	0.855
2012-11-19	0.822	0	0.822	0.822	0.822
2012-11-16	0.822	5333	0.852	0.852	0.822
2012-11-15	0.93	0	0.93	0.93	0.93
2012-11-14	0.93	4333	0.93	0.93	0.93
2012-11-13	0.9294	5500	0.93	0.93	0.9294
2012-11-12	0.96	0	0.96	0.96	0.96
2012-11-09	0.96	0	0.96	0.96	0.96
2012-11-08	0.96	0	0.96	0.96	0.96
2012-11-07	0.96	1750	0.96	0.96	0.96
2012-11-06	0.948	3333	0.948	0.948	0.918
2012-11-05	1.05	0	1.05	1.05	1.05
2012-11-02	1.05	0	1.05	1.05	1.05
2012-11-01	1.05	3333	1.05	1.05	1.05
2012-10-31	1.026	2000	1.026	1.026	1.026
2012-10-26	1.08	0	1.08	1.08	1.08
2012-10-25	1.08	0	1.08	1.08	1.08
2012-10-24	1.08	35167	1.002	1.08	1.002
2012-10-23	1.044	66585	1.02	1.0578	1.02
2012-10-22	1.02	8584	0.984	1.02	0.984
2012-10-19	0.96	0	0.96	0.96	0.96
2012-10-18	0.96	0	0.96	0.96	0.96
2012-10-17	0.96	0	0.96	0.96	0.96
2012-10-16	0.96	9167	0.96	0.96	0.96
2012-10-15	0.96	0	0.96	0.96	0.96
2012-10-12	0.96	0	0.96	0.96	0.96
2012-10-11	0.96	0	0.96	0.96	0.96
2012-10-10	0.96	1017	0.99	1.056	0.96
2012-10-09	1.0122	0	1.0122	1.0122	1.0122
2012-10-08	1.0122	33	1.0122	1.0122	1.0122
2012-10-05	0.948	0	0.948	0.948	0.948
2012-10-04	0.948	2167	0.945	0.948	0.945
2012-10-03	0.933	0	0.933	0.933	0.933
2012-10-02	0.933	500	0.933	0.933	0.933
2012-10-01	1.08	10000	1.08	1.08	0.9768
2012-09-28	1.113	0	1.113	1.113	1.113
2012-09-27	1.113	250	1.113	1.113	1.113
2012-09-26	1.1964	0	1.1964	1.1964	1.1964
2012-09-25	1.1964	0	1.1964	1.1964	1.1964
2012-09-24	1.1964	0	1.1964	1.1964	1.1964
2012-09-21	1.1964	0	1.1964	1.1964	1.1964
2012-09-20	1.1964	5333	1.1964	1.1964	1.1964
2012-09-19	0.99	0	0.99	0.99	0.99
2012-09-18	0.99	0	0.99	0.99	0.99
2012-09-17	0.99	0	0.99	0.99	0.99
2012-09-14	0.99	0	0.99	0.99	0.99
2012-09-13	0.99	250	0.99	0.99	0.99
2012-09-12	0.957	0	0.957	0.957	0.957
2012-09-11	0.957	0	0.957	0.957	0.957
2012-09-10	0.957	0	0.957	0.957	0.957
2012-09-07	0.957	0	0.957	0.957	0.957
2012-09-06	0.957	0	0.957	0.957	0.957
2012-09-05	0.957	0	0.957	0.957	0.957
2012-09-04	0.957	1028	0.957	0.957	0.957
2012-08-31	0.954	0	0.954	0.954	0.954
2012-08-30	0.954	83	0.954	0.954	0.954
2012-08-29	1.014	0	1.014	1.014	1.014
2012-08-28	1.014	0	1.014	1.014	1.014
2012-08-27	1.014	0	1.014	1.014	1.014
2012-08-24	1.014	0	1.014	1.014	1.014
2012-08-23	1.014	0	1.014	1.014	1.014
2012-08-22	1.014	667	1.014	1.014	1.014
2012-08-21	0.9936	0	0.9936	0.9936	0.9936
2012-08-20	0.9936	0	0.9936	0.9936	0.9936
2012-08-17	0.9936	0	0.9936	0.9936	0.9936
2012-08-16	0.9936	0	0.9936	0.9936	0.9936
2012-08-15	0.9936	0	0.9936	0.9936	0.9936
2012-08-14	0.9936	0	0.9936	0.9936	0.9936
2012-08-13	0.9936	0	0.9936	0.9936	0.9936
2012-08-10	0.9936	0	0.9936	0.9936	0.9936
2012-08-09	0.9936	0	0.9936	0.9936	0.9936
2012-08-08	0.9936	500	0.9936	0.9936	0.9936
2012-08-07	1.02	0	1.02	1.02	1.02
2012-08-06	1.02	833	1.02	1.02	1.02
2012-08-03	0.99	0	0.99	0.99	0.99
2012-08-02	0.99	0	0.99	0.99	0.99
2012-08-01	0.99	0	0.99	0.99	0.99
2012-07-31	0.99	0	0.99	0.99	0.99
2012-07-30	0.99	1667	0.99	0.99	0.99
2012-07-27	1.062	0	1.062	1.062	1.062
2012-07-26	1.062	4083	1.0704	1.0704	1.062
2012-07-25	1.08	0	1.08	1.08	1.08
2012-07-24	1.08	0	1.08	1.08	1.08
2012-07-23	1.08	417	1.08	1.08	1.08
2012-07-20	0.99	0	0.99	0.99	0.99
2012-07-19	0.99	0	0.99	0.99	0.99
2012-07-18	0.99	0	0.99	0.99	0.99
2012-07-17	0.99	0	0.99	0.99	0.99
2012-07-16	0.99	3667	0.99	0.99	0.99
2012-07-13	1.065	3083	1.074	1.074	1.05
2012-07-12	1.029	0	1.029	1.029	1.029
2012-07-11	1.029	17	1.029	1.029	1.029
2012-07-10	1.2	0	1.2	1.2	1.2
2012-07-09	1.2	0	1.2	1.2	1.2
2012-07-06	1.2	0	1.2	1.2	1.2
2012-07-05	1.2	8250	1.2156	1.2156	1.188
2012-07-03	1.104	0	1.104	1.104	1.104
2012-07-02	1.104	0	1.104	1.104	1.104
2012-06-29	1.104	0	1.104	1.104	1.104
2012-06-28	1.104	0	1.104	1.104	1.104
2012-06-27	1.104	0	1.104	1.104	1.104
2012-06-26	1.104	0	1.104	1.104	1.104
2012-06-25	1.104	117	1.077	1.104	1.077
2012-06-22	1.08	2417	1.2	1.2	1.08
2012-06-21	1.296	0	1.296	1.296	1.296
2012-06-20	1.296	167	1.296	1.296	1.296
2012-06-19	1.272	1500	1.296	1.296	1.272
2012-06-18	1.2258	33	1.2258	1.2258	1.2258
2012-06-15	1.3194	2417	1.3194	1.3194	1.3194
2012-06-14	1.2306	1917	1.14	1.2306	1.14
2012-06-13	1.257	167	1.257	1.257	1.257
2012-06-12	1.2522	0	1.2522	1.2522	1.2522
2012-06-11	1.2522	0	1.2522	1.2522	1.2522
2012-06-08	1.2522	1683	1.2504	1.2522	1.2504
2012-06-07	1.296	0	1.296	1.296	1.296
2012-06-06	1.296	329	1.365	1.365	1.296
2012-06-05	1.362	0	1.362	1.362	1.362
2012-06-04	1.362	1000	1.2984	1.362	1.2978
2012-06-01	1.3194	0	1.3194	1.3194	1.3194
2012-05-31	1.3194	0	1.3194	1.3194	1.3194
2012-05-30	1.3194	0	1.3194	1.3194	1.3194
2012-05-29	1.3194	2167	1.2	1.3194	1.2
2012-05-25	1.26	0	1.26	1.26	1.26
2012-05-24	1.26	0	1.26	1.26	1.26
2012-05-23	1.26	12334	1.35	1.35	1.26
2012-05-22	1.44	3333	1.416	1.44	1.416
2012-05-21	1.5	0	1.5	1.5	1.5
2012-05-18	1.5	833	1.5	1.5	1.5
2012-05-17	1.3872	12584	1.3872	1.3872	1.326
2012-05-16	1.5258	0	1.5258	1.5258	1.5258
2012-05-15	1.5258	7100	1.602	1.602	1.5258
2012-05-14	1.617	417	1.6134	1.617	1.6134
2012-05-11	1.566	0	1.566	1.566	1.566
2012-05-10	1.566	3250	1.566	1.566	1.566
2012-05-09	1.557	6083	1.59	1.59	1.557
2012-05-08	1.59	667	1.59	1.59	1.59
2012-05-07	1.74	2500	1.728	1.74	1.728
2012-05-04	1.809	7583	1.692	1.902	1.6908
2012-05-03	1.602	0	1.602	1.602	1.602
2012-05-02	1.602	0	1.602	1.602	1.602
2012-05-01	1.602	5333	1.614	1.614	1.602
2012-04-30	1.6062	2076	1.5522	1.6062	1.5522
2012-04-27	1.5408	1667	1.5408	1.5408	1.5408
2012-04-26	1.5	0	1.5	1.5	1.5
2012-04-25	1.5	2750	1.539	1.539	1.5
2012-04-24	1.41	0	1.41	1.41	1.41
2012-04-23	1.41	0	1.41	1.41	1.41
2012-04-20	1.41	25834	1.407	1.41	1.407
2012-04-19	1.398	0	1.398	1.398	1.398
2012-04-18	1.398	2333	1.404	1.404	1.398
2012-04-17	1.488	18167	1.3332	1.5	1.3332
2012-04-16	1.4076	3333	1.4076	1.4076	1.4076
2012-04-13	1.4148	0	1.4148	1.4148	1.4148
2012-04-12	1.4148	667	1.4148	1.4148	1.4148
2012-04-11	1.5432	0	1.5432	1.5432	1.5432
2012-04-10	1.5432	0	1.5432	1.5432	1.5432
2012-04-09	1.5432	0	1.5432	1.5432	1.5432
2012-04-05	1.5432	5083	1.5414	1.5432	1.5414
2012-04-04	1.47	2500	1.5	1.5	1.47
2012-04-03	1.38	19917	1.566	1.566	1.38
2012-04-02	1.566	2333	1.692	1.692	1.566
2012-03-30	1.74	2667	1.6542	1.74	1.6542
2012-03-29	1.65	1445	1.725	1.725	1.65
2012-03-28	1.6938	0	1.6938	1.6938	1.6938
2012-03-27	1.6938	9000	1.6938	1.6938	1.6938
2012-03-26	1.62	0	1.62	1.62	1.62
2012-03-23	1.62	0	1.62	1.62	1.62
2012-03-22	1.62	3800	1.575	1.62	1.575
2012-03-21	1.74	9334	1.74	1.818	1.737
2012-03-20	1.65	5483	1.5114	1.752	1.5114
2012-03-19	1.4526	0	1.4526	1.4526	1.4526
2012-03-16	1.4526	3333	1.4526	1.4526	1.4526
2012-03-15	1.38	0	1.38	1.38	1.38
2012-03-14	1.38	4333	1.5156	1.5156	1.38
2012-03-13	1.458	1167	1.461	1.461	1.452
2012-03-12	1.419	14834	1.3896	1.431	1.3896
2012-03-09	1.41	9667	1.38	1.41	1.38
2012-03-08	1.38	10000	1.38	1.38	1.38
2012-03-07	1.2876	0	1.2876	1.2876	1.2876
2012-03-06	1.2876	750	1.3788	1.3788	1.2876
2012-03-05	1.4178	167	1.4178	1.4178	1.4178
2012-03-02	1.431	0	1.431	1.431	1.431
2012-03-01	1.431	1250	1.431	1.431	1.431
2012-02-29	1.3344	2867	1.338	1.338	1.3344
2012-02-28	1.386	0	1.386	1.386	1.386
2012-02-27	1.386	417	1.386	1.386	1.386
2012-02-24	1.44	0	1.44	1.44	1.44
2012-02-23	1.44	0	1.44	1.44	1.44
2012-02-22	1.44	0	1.44	1.44	1.44
2012-02-21	1.44	0	1.44	1.44	1.44
2012-02-17	1.44	0	1.44	1.44	1.44
2012-02-16	1.44	0	1.44	1.44	1.44
2012-02-15	1.44	1833	1.44	1.44	1.44
2012-02-14	1.458	0	1.458	1.458	1.458
2012-02-13	1.458	1196	1.4262	1.4712	1.4112
2012-02-10	1.4784	0	1.4784	1.4784	1.4784
2012-02-09	1.4784	667	1.4784	1.4784	1.4784
2012-02-08	1.428	0	1.428	1.428	1.428
2012-02-07	1.428	0	1.428	1.428	1.428
2012-02-06	1.428	583	1.428	1.428	1.428
2012-02-03	1.38	0	1.38	1.38	1.38
2012-02-02	1.38	1750	1.38	1.395	1.38
2012-02-01	1.353	3000	1.353	1.353	1.353
2012-01-31	1.4052	5250	1.3764	1.4052	1.3764
2012-01-30	1.4064	0	1.4064	1.4064	1.4064
2012-01-27	1.4064	4167	1.4064	1.4064	1.4064
2012-01-26	1.38	4750	1.4112	1.434	1.38
2012-01-25	1.395	0	1.395	1.395	1.395
2012-01-24	1.395	8367	1.44	1.44	1.395
2012-01-23	1.5402	0	1.5402	1.5402	1.5402
2012-01-20	1.5402	667	1.5402	1.5402	1.5402
2012-01-19	1.5426	18367	1.5474	1.548	1.5072
2012-01-18	1.5	20150	1.431	1.5	1.431
2012-01-17	1.44	5333	1.422	1.44	1.422
2012-01-13	1.3176	7417	1.482	1.482	1.3176
2012-01-12	1.452	11417	1.266	1.452	1.266
2012-01-11	1.152	1667	1.1472	1.152	1.1472
2012-01-10	0.9726	2333	1.0902	1.0902	0.9726
2012-01-09	1.068	0	1.068	1.068	1.068
2012-01-06	1.068	3333	1.02	1.068	1.02
2012-01-05	0.9768	0	0.9768	0.9768	0.9768
2012-01-04	0.9768	1667	0.9762	0.9768	0.9762
2012-01-03	1.056	521	1.056	1.056	1.056
2011-12-30	0.99	0	0.99	0.99	0.99
2011-12-29	0.99	0	0.99	0.99	0.99
2011-12-28	0.99	833	0.99	0.99	0.99
2011-12-27	0.9402	56	0.9402	0.9402	0.9402
2011-12-23	0.8946	0	0.8946	0.8946	0.8946
2011-12-22	0.8946	833	0.954	0.954	0.8802
2011-12-21	0.9282	0	0.9282	0.9282	0.9282
2011-12-20	0.9282	0	0.9282	0.9282	0.9282
2011-12-19	0.9282	167	0.9282	0.9282	0.9282
2011-12-16	0.8934	2025	0.9	0.9222	0.8934
2011-12-15	0.84	1333	0.84	0.84	0.84
2011-12-14	0.8478	0	0.8478	0.8478	0.8478
2011-12-13	0.8478	0	0.8478	0.8478	0.8478
2011-12-12	0.8478	0	0.8478	0.8478	0.8478
2011-12-09	0.8478	2500	0.8478	0.8478	0.8478
2011-12-08	0.84	0	0.84	0.84	0.84
2011-12-07	0.84	4167	0.84	0.84	0.84
2011-12-06	0.876	1667	0.876	0.876	0.876
2011-12-05	0.87	4317	0.87	0.87	0.87
2011-12-02	0.837	0	0.837	0.837	0.837
2011-12-01	0.837	0	0.837	0.837	0.837
2011-11-30	0.837	0	0.837	0.837	0.837
2011-11-29	0.837	0	0.837	0.837	0.837
2011-11-28	0.837	30970	0.84	0.84	0.837
2011-11-25	0.9444	0	0.9444	0.9444	0.9444
2011-11-23	0.9444	0	0.9444	0.9444	0.9444
2011-11-22	0.9444	0	0.9444	0.9444	0.9444
2011-11-21	0.9444	0	0.9444	0.9444	0.9444
2011-11-18	0.9444	0	0.9444	0.9444	0.9444
2011-11-17	0.9444	0	0.9444	0.9444	0.9444
2011-11-16	0.9444	0	0.9444	0.9444	0.9444
2011-11-15	0.9444	0	0.9444	0.9444	0.9444
2011-11-14	0.9444	333	0.9444	0.9444	0.9444
2011-11-11	0.948	2500	0.948	0.948	0.948
2011-11-10	0.993	0	0.993	0.993	0.993
2011-11-09	0.993	0	0.993	0.993	0.993
2011-11-08	0.993	0	0.993	0.993	0.993
2011-11-07	0.993	0	0.993	0.993	0.993
2011-11-04	0.993	0	0.993	0.993	0.993
2011-11-03	0.993	0	0.993	0.993	0.993
2011-11-02	0.993	0	0.993	0.993	0.993
2011-11-01	0.993	0	0.993	0.993	0.993
2011-10-31	0.993	475	0.993	0.993	0.993
2011-10-28	1.038	9167	0.996	1.038	0.996
2011-10-27	1.0554	833	1.0554	1.0554	1.0554
2011-10-26	1.104	1667	1.104	1.104	1.104
2011-10-25	1.0116	0	1.0116	1.0116	1.0116
2011-10-24	1.0116	0	1.0116	1.0116	1.0116
2011-10-21	1.0116	0	1.0116	1.0116	1.0116
2011-10-20	1.0116	0	1.0116	1.0116	1.0116
2011-10-19	1.0116	833	1.0116	1.0116	1.0116
2011-10-18	0.939	500	0.939	0.939	0.939
2011-10-17	1.0062	0	1.0062	1.0062	1.0062
2011-10-14	1.0062	0	1.0062	1.0062	1.0062
2011-10-13	1.0062	0	1.0062	1.0062	1.0062
2011-10-12	1.0062	2833	1.0032	1.0062	1.0032
2011-10-11	0.948	0	0.948	0.948	0.948
2011-10-10	0.948	0	0.948	0.948	0.948
2011-10-07	0.948	0	0.948	0.948	0.948
2011-10-06	0.948	0	0.948	0.948	0.948
2011-10-05	0.948	0	0.948	0.948	0.948
2011-10-04	0.948	0	0.948	0.948	0.948
2011-10-03	0.948	2333	0.8298	0.948	0.8298
2011-09-30	0.87	5000	0.9	0.9	0.87
2011-09-29	0.96	0	0.96	0.96	0.96
2011-09-28	0.96	0	0.96	0.96	0.96
2011-09-27	0.96	0	0.96	0.96	0.96
2011-09-26	0.96	0	0.96	0.96	0.96
2011-09-23	0.96	125	0.96	0.96	0.96
2011-09-22	1.02	0	1.02	1.02	1.02
2011-09-21	1.02	167	1.02	1.02	1.02
2011-09-20	1.044	0	1.044	1.044	1.044
2011-09-19	1.044	0	1.044	1.044	1.044
2011-09-16	1.044	0	1.044	1.044	1.044
2011-09-15	1.044	0	1.044	1.044	1.044
2011-09-14	1.044	0	1.044	1.044	1.044
2011-09-13	1.044	0	1.044	1.044	1.044
2011-09-12	1.044	0	1.044	1.044	1.044
2011-09-09	1.044	1667	1.0548	1.0548	1.044
2011-09-08	1.1796	0	1.1796	1.1796	1.1796
2011-09-07	1.1796	0	1.1796	1.1796	1.1796
2011-09-06	1.1796	500	1.212	1.212	1.1796
2011-09-02	1.131	1667	1.131	1.131	1.131
2011-09-01	1.0404	0	1.0404	1.0404	1.0404
2011-08-31	1.0404	0	1.0404	1.0404	1.0404
2011-08-30	1.0404	417	1.0404	1.0404	1.0404
2011-08-29	1.02	1583	1.02	1.02	1.02
2011-08-26	1.0026	6667	1.0026	1.0026	1.0026
2011-08-25	1.008	500	1.008	1.008	1.008
2011-08-24	1.002	0	1.002	1.002	1.002
2011-08-23	1.002	0	1.002	1.002	1.002
2011-08-22	1.002	13834	0.936	1.002	0.936
2011-08-19	0.9702	0	0.9702	0.9702	0.9702
2011-08-18	0.9702	833	0.9702	0.9702	0.9702
2011-08-17	1.02	500	1.02	1.02	1.02
2011-08-16	0.9684	0	0.9684	0.9684	0.9684
2011-08-15	0.9684	0	0.9684	0.9684	0.9684
2011-08-12	0.9684	0	0.9684	0.9684	0.9684
2011-08-11	0.9684	17	0.9684	0.9684	0.9684
2011-08-10	0.969	0	0.969	0.969	0.969
2011-08-09	0.969	1167	0.969	0.969	0.969
2011-08-08	1.11	8167	1.032	1.11	1.02
2011-08-05	1.0428	3017	0.984	1.05	0.9516
2011-08-04	1.236	0	1.236	1.236	1.236
2011-08-03	1.236	0	1.236	1.236	1.236
2011-08-02	1.236	0	1.236	1.236	1.236
2011-08-01	1.236	500	1.236	1.236	1.236
2011-07-29	1.077	0	1.077	1.077	1.077
2011-07-28	1.077	333	1.077	1.077	1.077
2011-07-27	1.14	0	1.14	1.14	1.14
2011-07-26	1.14	0	1.14	1.14	1.14
2011-07-25	1.14	225	1.14	1.14	1.14
2011-07-22	1.176	0	1.176	1.176	1.176
2011-07-21	1.176	883	1.176	1.176	1.176
2011-07-20	1.26	0	1.26	1.26	1.26
2011-07-19	1.26	5000	1.26	1.26	1.26
2011-07-18	1.2594	0	1.2594	1.2594	1.2594
2011-07-15	1.2594	12084	1.2204	1.2594	1.2204
2011-07-14	1.1592	0	1.1592	1.1592	1.1592
2011-07-13	1.1592	833	1.1592	1.1592	1.1592
2011-07-12	1.1802	0	1.1802	1.1802	1.1802
2011-07-11	1.1802	1833	1.17	1.1802	1.17
2011-07-08	1.17	0	1.17	1.17	1.17
2011-07-07	1.17	2083	1.188	1.188	1.17
2011-07-06	1.122	0	1.122	1.122	1.122
2011-07-05	1.122	1667	1.122	1.122	1.122
2011-07-01	1.2	0	1.2	1.2	1.2
2011-06-30	1.2	6833	1.2132	1.2132	1.2
2011-06-29	1.14	8500	1.1736	1.1736	1.14
2011-06-28	1.1874	567	1.1874	1.1874	1.1874
2011-06-27	1.0656	0	1.0656	1.0656	1.0656
2011-06-24	1.0656	833	1.0656	1.0656	1.0656
2011-06-23	1.0086	833	1.0086	1.0086	1.0086
2011-06-22	1.0482	2500	1.0482	1.0482	1.0482
2011-06-21	1.11	333	1.077	1.11	1.077
2011-06-20	0.981	833	0.981	0.981	0.981
2011-06-17	1.05	1167	1.0728	1.0728	1.05
2011-06-16	1.02	0	1.02	1.02	1.02
2011-06-15	1.02	0	1.02	1.02	1.02
2011-06-14	1.02	0	1.02	1.02	1.02
2011-06-13	1.02	4083	1.02	1.02	1.02
2011-06-10	1.02	0	1.02	1.02	1.02
2011-06-09	1.02	0	1.02	1.02	1.02
2011-06-08	1.02	1667	1.02	1.02	1.02
2011-06-07	1.1088	3333	1.1082	1.1088	1.1082
2011-06-06	1.1334	500	1.1334	1.1334	1.1334
2011-06-03	1.1334	167	1.1334	1.1334	1.1334
2011-06-02	1.0728	333	1.0728	1.0728	1.0728
2011-06-01	1.14	0	1.14	1.14	1.14
2011-05-31	1.14	0	1.14	1.14	1.14
2011-05-27	1.14	0	1.14	1.14	1.14
2011-05-26	1.14	0	1.14	1.14	1.14
2011-05-25	1.14	0	1.14	1.14	1.14
2011-05-24	1.14	0	1.14	1.14	1.14
2011-05-23	1.14	0	1.14	1.14	1.14
2011-05-20	1.14	2500	1.14	1.14	1.14
2011-05-19	1.1358	0	1.1358	1.1358	1.1358
2011-05-18	1.1358	0	1.1358	1.1358	1.1358
2011-05-17	1.1358	2167	1.1976	1.1976	1.1358
2011-05-16	1.212	0	1.212	1.212	1.212
2011-05-13	1.212	833	1.212	1.212	1.212
2011-05-12	1.2	4500	1.2	1.212	1.2
2011-05-11	1.2822	0	1.2822	1.2822	1.2822
2011-05-10	1.2822	2833	1.311	1.32	1.2822
2011-05-09	1.278	6186	1.146	1.278	1.146
2011-05-06	1.104	1667	1.104	1.104	1.104
2011-05-05	1.038	50	1.038	1.038	1.038
2011-05-04	1.0314	15580	1.101	1.1586	1.0314
2011-05-03	1.26	0	1.26	1.26	1.26
2011-05-02	1.26	833	1.26	1.26	1.26
2011-04-29	1.26	0	1.26	1.26	1.26
2011-04-28	1.26	0	1.26	1.26	1.26
2011-04-27	1.26	833	1.26	1.26	1.26
2011-04-26	1.272	0	1.272	1.272	1.272
2011-04-25	1.272	0	1.272	1.272	1.272
2011-04-21	1.272	0	1.272	1.272	1.272
2011-04-20	1.272	1667	1.26	1.272	1.26
2011-04-19	1.2762	0	1.2762	1.2762	1.2762
2011-04-18	1.2762	0	1.2762	1.2762	1.2762
2011-04-15	1.2762	10000	1.2762	1.278	1.2762
2011-04-14	1.368	0	1.368	1.368	1.368
2011-04-13	1.368	0	1.368	1.368	1.368
2011-04-12	1.368	833	1.368	1.368	1.368
2011-04-11	1.38	6667	1.41	1.41	1.3656
2011-04-08	1.3464	0	1.3464	1.3464	1.3464
2011-04-07	1.3464	1333	1.3464	1.3464	1.3464
2011-04-06	1.3998	0	1.3998	1.3998	1.3998
2011-04-05	1.3998	4167	1.3998	1.3998	1.3998
2011-04-04	1.272	2083	1.272	1.272	1.272
2011-04-01	1.38	0	1.38	1.38	1.38
2011-03-31	1.38	2417	1.38	1.38	1.38
2011-03-30	1.293	0	1.293	1.293	1.293
2011-03-29	1.293	0	1.293	1.293	1.293
2011-03-28	1.293	1217	1.293	1.293	1.293
2011-03-25	1.32	0	1.32	1.32	1.32
2011-03-24	1.32	167	1.32	1.32	1.32
2011-03-23	1.3152	4183	1.2816	1.3152	1.2816
2011-03-22	1.287	833	1.287	1.287	1.287
2011-03-21	1.467	0	1.467	1.467	1.467
2011-03-18	1.467	333	1.467	1.467	1.467
2011-03-17	1.3992	2725	1.3686	1.3992	1.272
2011-03-16	1.2204	0	1.2204	1.2204	1.2204
2011-03-15	1.2204	1127	1.2204	1.2204	1.2204
2011-03-14	1.2918	3833	1.29	1.2918	1.29
2011-03-11	1.32	2300	1.287	1.32	1.287
2011-03-10	1.164	3667	1.32	1.32	1.164
2011-03-09	1.4232	4179	1.4232	1.4232	1.4232
2011-03-08	1.422	1000	1.422	1.422	1.422
2011-03-07	1.482	0	1.482	1.482	1.482
2011-03-04	1.482	0	1.482	1.482	1.482
2011-03-03	1.482	858	1.416	1.482	1.416
2011-03-02	1.476	0	1.476	1.476	1.476
2011-03-01	1.476	0	1.476	1.476	1.476
2011-02-28	1.476	917	1.506	1.506	1.476
2011-02-25	1.44	0	1.44	1.44	1.44
2011-02-24	1.44	500	1.44	1.44	1.44
2011-02-23	1.392	2150	1.572	1.572	1.392
2011-02-22	1.5822	10045	1.494	1.5822	1.494
2011-02-18	1.5882	3333	1.59	1.59	1.5882
2011-02-17	1.581	0	1.581	1.581	1.581
2011-02-16	1.581	67	1.581	1.581	1.581
2011-02-15	1.5	7500	1.5	1.5	1.5
2011-02-14	1.422	0	1.422	1.422	1.422
2011-02-11	1.422	0	1.422	1.422	1.422
2011-02-10	1.422	833	1.422	1.422	1.422
2011-02-09	1.422	1842	1.422	1.422	1.422
2011-02-08	1.428	0	1.428	1.428	1.428
2011-02-07	1.428	7167	1.488	1.488	1.422
2011-02-04	1.428	7500	1.428	1.428	1.428
2011-02-03	1.386	0	1.386	1.386	1.386
2011-02-02	1.386	0	1.386	1.386	1.386
2011-02-01	1.386	17	1.386	1.386	1.386
2011-01-31	1.5	0	1.5	1.5	1.5
2011-01-28	1.5	917	1.44	1.5	1.44
2011-01-27	1.572	0	1.572	1.572	1.572
2011-01-26	1.572	1800	1.446	1.572	1.44
2011-01-25	1.5	83	1.5	1.5	1.5
2011-01-24	1.638	0	1.638	1.638	1.638
2011-01-21	1.638	3453	1.635	1.638	1.635
2011-01-20	1.65	0	1.65	1.65	1.65
2011-01-19	1.65	1667	1.65	1.65	1.65
2011-01-18	1.668	833	1.668	1.668	1.668
2011-01-14	1.605	4750	1.725	1.728	1.605
2011-01-13	1.641	1667	1.638	1.641	1.638
2011-01-12	1.6056	0	1.6056	1.6056	1.6056
2011-01-11	1.6056	5833	1.605	1.608	1.605
2011-01-10	1.569	167	1.569	1.569	1.569
2011-01-07	1.6302	1567	1.635	1.635	1.6302
2011-01-06	1.65	0	1.65	1.65	1.65
2011-01-05	1.65	8334	1.62	1.65	1.53
2011-01-04	1.653	3333	1.656	1.656	1.653
2011-01-03	1.6614	0	1.6614	1.6614	1.6614
2010-12-31	1.6614	3133	1.656	1.6614	1.656
2010-12-30	1.614	8700	1.68	1.68	1.614
2010-12-29	1.68	3513	1.68	1.68	1.56
2010-12-28	1.56	0	1.56	1.56	1.56
2010-12-27	1.56	1667	1.56	1.56	1.56
2010-12-23	1.536	0	1.536	1.536	1.536
2010-12-22	1.536	0	1.536	1.536	1.536
2010-12-21	1.536	1333	1.56	1.56	1.5318
2010-12-20	1.59	10000	1.452	1.59	1.452
2010-12-17	1.4832	2083	1.482	1.4832	1.482
2010-12-16	1.4034	0	1.4034	1.4034	1.4034
2010-12-15	1.4034	0	1.4034	1.4034	1.4034
2010-12-14	1.4034	0	1.4034	1.4034	1.4034
2010-12-13	1.4034	50668	1.3434	1.4034	1.338
2010-12-10	1.335	155	1.335	1.335	1.335
2010-12-09	1.3956	0	1.3956	1.3956	1.3956
2010-12-08	1.3956	167	1.3956	1.3956	1.3956
2010-12-07	1.4274	8334	1.4592	1.4592	1.4274
2010-12-06	1.4928	667	1.4928	1.4928	1.4928
2010-12-03	1.554	833	1.554	1.554	1.554
2010-12-02	1.3482	0	1.3482	1.3482	1.3482
2010-12-01	1.3482	0	1.3482	1.3482	1.3482
2010-11-30	1.3482	0	1.3482	1.3482	1.3482
2010-11-29	1.3482	3417	1.4088	1.4088	1.3476
2010-11-26	1.365	0	1.365	1.365	1.365
2010-11-24	1.365	1667	1.365	1.365	1.365
2010-11-23	1.44	1667	1.44	1.44	1.44
2010-11-22	1.647	0	1.647	1.647	1.647
2010-11-19	1.647	0	1.647	1.647	1.647
2010-11-18	1.647	0	1.647	1.647	1.647
2010-11-17	1.647	0	1.647	1.647	1.647
2010-11-16	1.647	0	1.647	1.647	1.647
2010-11-15	1.647	0	1.647	1.647	1.647
2010-11-12	1.647	0	1.647	1.647	1.647
2010-11-11	1.647	833	1.647	1.647	1.647
2010-11-10	1.6782	0	1.6782	1.6782	1.6782
2010-11-09	1.6782	0	1.6782	1.6782	1.6782
2010-11-08	1.6782	8584	1.674	1.6782	1.674
2010-11-05	1.575	4883	1.476	1.575	1.476
2010-11-04	1.548	0	1.548	1.548	1.548
2010-11-03	1.548	0	1.548	1.548	1.548
2010-11-02	1.548	2000	1.5426	1.56	1.5426
2010-11-01	1.671	0	1.671	1.671	1.671
2010-10-29	1.671	0	1.671	1.671	1.671
2010-10-28	1.671	0	1.671	1.671	1.671
2010-10-27	1.671	0	1.671	1.671	1.671
2010-10-26	1.671	3333	1.6716	1.6716	1.671
2010-10-25	1.737	0	1.737	1.737	1.737
2010-10-22	1.737	500	1.737	1.737	1.737
2010-10-21	1.761	833	1.731	1.761	1.731
2010-10-20	1.7274	250	1.7274	1.7274	1.7274
2010-10-19	1.8354	0	1.8354	1.8354	1.8354
2010-10-18	1.8354	3750	1.8864	1.8864	1.8354
2010-10-15	1.842	1167	1.884	1.884	1.842
2010-10-14	1.857	0	1.857	1.857	1.857
2010-10-13	1.857	9667	1.7652	1.857	1.7046
2010-10-12	1.6002	367	1.572	1.6002	1.572
2010-10-11	1.3422	0	1.3422	1.3422	1.3422
2010-10-08	1.3422	1667	1.3422	1.3422	1.3422
2010-10-07	1.2162	0	1.2162	1.2162	1.2162
2010-10-06	1.2162	333	1.2162	1.2162	1.2162
2010-10-05	1.038	0	1.038	1.038	1.038
2010-10-04	1.038	0	1.038	1.038	1.038
2010-10-01	1.038	0	1.038	1.038	1.038
2010-09-30	1.038	1667	1.038	1.038	1.038
2010-09-29	1.308	0	1.308	1.308	1.308
2010-09-28	1.308	0	1.308	1.308	1.308
2010-09-27	1.308	1333	1.308	1.308	1.308
2010-09-24	1.122	1333	1.122	1.122	1.122
2010-09-23	1.1004	3167	1.134	1.134	1.1004
2010-09-22	1.164	0	1.164	1.164	1.164
2010-09-21	1.164	0	1.164	1.164	1.164
2010-09-20	1.164	667	1.164	1.164	1.164
2010-09-17	1.0782	0	1.0782	1.0782	1.0782
2010-09-16	1.0782	0	1.0782	1.0782	1.0782
2010-09-15	1.0782	50001	1.0794	1.0794	1.0782
2010-09-14	1.0152	0	1.0152	1.0152	1.0152
2010-09-13	1.0152	0	1.0152	1.0152	1.0152
2010-09-10	1.0152	0	1.0152	1.0152	1.0152
2010-09-09	1.0152	0	1.0152	1.0152	1.0152
2010-09-08	1.0152	1667	1.0152	1.0152	1.0152
2010-09-07	1.0614	1167	1.0644	1.0644	1.0614
2010-09-03	1.0674	1667	1.0668	1.0674	1.0668
2010-09-02	1.05	0	1.05	1.05	1.05
2010-09-01	1.05	0	1.05	1.05	1.05
2010-08-31	1.05	0	1.05	1.05	1.05
2010-08-30	1.05	500	1.05	1.05	1.05
2010-08-27	1.131	0	1.131	1.131	1.131
2010-08-26	1.131	0	1.131	1.131	1.131
2010-08-25	1.131	0	1.131	1.131	1.131
2010-08-24	1.131	333	1.131	1.131	1.131
2010-08-23	1.0914	0	1.0914	1.0914	1.0914
2010-08-20	1.0914	0	1.0914	1.0914	1.0914
2010-08-19	1.0914	0	1.0914	1.0914	1.0914
2010-08-18	1.0914	0	1.0914	1.0914	1.0914
2010-08-17	1.0914	0	1.0914	1.0914	1.0914
2010-08-16	1.0914	1667	1.0914	1.0914	1.0914
2010-08-13	1.089	0	1.089	1.089	1.089
2010-08-12	1.089	0	1.089	1.089	1.089
2010-08-11	1.089	1000	1.089	1.089	1.089
2010-08-10	1.1976	0	1.1976	1.1976	1.1976
2010-08-09	1.1976	0	1.1976	1.1976	1.1976
2010-08-06	1.1976	0	1.1976	1.1976	1.1976
2010-08-05	1.1976	0	1.1976	1.1976	1.1976
2010-08-04	1.1976	0	1.1976	1.1976	1.1976
2010-08-03	1.1976	0	1.1976	1.1976	1.1976
2010-08-02	1.1976	0	1.1976	1.1976	1.1976
2010-07-30	1.1976	1667	1.1976	1.1976	1.1976
2010-07-29	1.1934	0	1.1934	1.1934	1.1934
2010-07-28	1.1934	0	1.1934	1.1934	1.1934
2010-07-27	1.1934	0	1.1934	1.1934	1.1934
2010-07-26	1.1934	0	1.1934	1.1934	1.1934
2010-07-23	1.272	4667	1.326	1.326	1.2432
2010-07-22	1.2726	11667	1.2444	1.3122	1.2444
2010-07-21	0.969	0	0.969	0.969	0.969
2010-07-20	0.969	0	0.969	0.969	0.969
2010-07-19	0.969	0	0.969	0.969	0.969
2010-07-16	0.969	4167	0.969	0.969	0.969
2010-07-15	0.96	667	0.96	0.96	0.96
2010-07-14	0.9864	6667	0.96	0.9864	0.96
2010-07-13	0.9	1667	0.9	0.9	0.9
2010-07-12	0.9726	0	0.9726	0.9726	0.9726
2010-07-09	0.9726	0	0.9726	0.9726	0.9726
2010-07-08	0.9726	0	0.9726	0.9726	0.9726
2010-07-07	0.9726	0	0.9726	0.9726	0.9726
2010-07-06	0.9726	533	0.9984	0.9984	0.9726
2010-07-02	0.9186	0	0.9186	0.9186	0.9186
2010-07-01	0.9186	0	0.9186	0.9186	0.9186
2010-06-30	0.9186	3500	0.9468	0.9468	0.9186
2010-06-29	0.984	0	0.984	0.984	0.984
2010-06-28	0.984	0	0.984	0.984	0.984
2010-06-25	0.984	0	0.984	0.984	0.984
2010-06-24	0.984	0	0.984	0.984	0.984
2010-06-23	0.984	0	0.984	0.984	0.984
2010-06-22	0.984	200	0.984	0.984	0.984
2010-06-21	1.056	1667	1.056	1.056	1.056
2010-06-18	1.116	1667	1.116	1.116	1.116
2010-06-17	1.0782	0	1.0782	1.0782	1.0782
2010-06-16	1.0782	0	1.0782	1.0782	1.0782
2010-06-15	1.0782	0	1.0782	1.0782	1.0782
2010-06-14	1.0782	5500	1.134	1.164	1.0782
2010-06-11	1.104	500	1.104	1.104	1.104
2010-06-10	1.1346	2325	1.1058	1.2516	1.1058
2010-06-09	1.08	0	1.08	1.08	1.08
2010-06-08	1.08	12500	1.0794	1.08	1.0794
2010-06-07	1.2408	0	1.2408	1.2408	1.2408
2010-06-04	1.2408	0	1.2408	1.2408	1.2408
2010-06-03	1.2408	0	1.2408	1.2408	1.2408
2010-06-02	1.2408	0	1.2408	1.2408	1.2408
2010-06-01	1.2408	0	1.2408	1.2408	1.2408
2010-05-28	1.2408	1692	1.2876	1.2876	1.2408
2010-05-27	1.2792	0	1.2792	1.2792	1.2792
2010-05-26	1.2792	0	1.2792	1.2792	1.2792
2010-05-25	1.2792	0	1.2792	1.2792	1.2792
2010-05-24	1.2792	0	1.2792	1.2792	1.2792
2010-05-21	1.2792	0	1.2792	1.2792	1.2792
2010-05-20	1.2792	0	1.2792	1.2792	1.2792
2010-05-19	1.2792	0	1.2792	1.2792	1.2792
2010-05-18	1.2792	2833	1.2486	1.2792	1.2486
2010-05-17	1.3926	667	1.3926	1.3926	1.3926
2010-05-14	1.449	0	1.449	1.449	1.449
2010-05-13	1.449	2750	1.389	1.449	1.389
2010-05-12	1.494	0	1.494	1.494	1.494
2010-05-11	1.494	2000	1.4988	1.4988	1.4736
2010-05-10	1.464	3183	1.494	1.494	1.464
2010-05-07	1.359	1667	1.4742	1.4742	1.329
2010-05-06	1.422	2967	1.4202	1.422	1.4202
2010-05-05	1.62	11667	1.7166	1.7166	1.62
2010-05-04	1.731	17667	2.052	2.052	1.731
2010-05-03	2.0598	0	2.0598	2.0598	2.0598
2010-04-30	2.0598	0	2.0598	2.0598	2.0598
2010-04-29	2.0598	833	2.0604	2.0604	2.0598
2010-04-28	2.142	0	2.142	2.142	2.142
2010-04-27	2.142	67	2.142	2.142	2.142
2010-04-26	2.19	0	2.19	2.19	2.19
2010-04-23	2.19	1753	2.0706	2.19	2.0706
2010-04-22	2.058	4800	2.028	2.058	2.028
2010-04-21	1.962	544	1.962	1.962	1.962
2010-04-20	2.058	0	2.058	2.058	2.058
2010-04-19	2.058	1000	2.058	2.058	2.058
2010-04-16	2.01	625	2.2092	2.211	2.01
2010-04-15	2.193	250	2.193	2.193	2.193
2010-04-14	2.226	4000	1.98	2.226	1.98
2010-04-13	1.8264	4500	1.8258	1.8264	1.8258
2010-04-12	1.8096	13534	1.947	1.947	1.8096
2010-04-09	1.701	9667	1.74	1.74	1.701
2010-04-08	1.6716	0	1.6716	1.6716	1.6716
2010-04-07	1.6716	0	1.6716	1.6716	1.6716
2010-04-06	1.6716	0	1.6716	1.6716	1.6716
2010-04-05	1.6716	667	1.6716	1.6716	1.6716
2010-04-01	1.6074	1667	1.6074	1.6074	1.6074
2010-03-31	1.5378	1000	1.5378	1.5378	1.5378
2010-03-30	1.6194	5667	1.56	1.6194	1.56
2010-03-29	1.377	0	1.377	1.377	1.377
2010-03-26	1.377	0	1.377	1.377	1.377
2010-03-25	1.377	417	1.377	1.377	1.377
2010-03-24	1.4544	0	1.4544	1.4544	1.4544
2010-03-23	1.4544	0	1.4544	1.4544	1.4544
2010-03-22	1.4544	0	1.4544	1.4544	1.4544
2010-03-19	1.4544	0	1.4544	1.4544	1.4544
2010-03-18	1.4544	0	1.4544	1.4544	1.4544
2010-03-17	1.4544	483	1.4544	1.4844	1.4544
2010-03-16	1.491	0	1.491	1.491	1.491
2010-03-15	1.491	0	1.491	1.491	1.491
2010-03-12	1.491	0	1.491	1.491	1.491
2010-03-11	1.491	0	1.491	1.491	1.491
2010-03-10	1.491	5167	1.4616	1.491	1.4616
2010-03-09	1.4052	5833	1.4046	1.4052	1.4046
2010-03-08	1.3788	0	1.3788	1.3788	1.3788
2010-03-05	1.3788	0	1.3788	1.3788	1.3788
2010-03-04	1.3788	0	1.3788	1.3788	1.3788
2010-03-03	1.3788	0	1.3788	1.3788	1.3788
2010-03-02	1.3788	0	1.3788	1.3788	1.3788
2010-03-01	1.3788	0	1.3788	1.3788	1.3788
2010-02-26	1.3788	0	1.3788	1.3788	1.3788
2010-02-25	1.3788	0	1.3788	1.3788	1.3788
2010-02-24	1.3788	0	1.3788	1.3788	1.3788
2010-02-23	1.3788	0	1.3788	1.3788	1.3788
2010-02-22	1.3788	0	1.3788	1.3788	1.3788
2010-02-19	1.3788	0	1.3788	1.3788	1.3788
2010-02-18	1.3788	0	1.3788	1.3788	1.3788
2010-02-17	1.3788	3250	1.3788	1.3788	1.3788
2010-02-16	1.233	3333	1.26	1.26	1.233
2010-02-12	1.158	0	1.158	1.158	1.158
2010-02-11	1.158	0	1.158	1.158	1.158
2010-02-10	1.158	5000	1.149	1.158	1.092
2010-02-09	1.1466	80002	1.1214	1.1466	1.0566
2010-02-08	1.317	0	1.317	1.317	1.317
2010-02-05	1.317	0	1.317	1.317	1.317
2010-02-04	1.317	4667	1.242	1.317	1.1754
2010-02-03	1.4982	0	1.4982	1.4982	1.4982
2010-02-02	1.4982	0	1.4982	1.4982	1.4982
2010-02-01	1.4982	0	1.4982	1.4982	1.4982
2010-01-29	1.4982	0	1.4982	1.4982	1.4982
2010-01-28	1.4982	0	1.4982	1.4982	1.4982
2010-01-27	1.4982	0	1.4982	1.4982	1.4982
2010-01-26	1.4982	4667	1.4706	1.4982	1.47
2010-01-25	1.356	0	1.356	1.356	1.356
2010-01-22	1.356	433	1.476	1.476	1.356
2010-01-21	1.5432	7833	1.515	1.5432	1.461
2010-01-20	1.5714	0	1.5714	1.5714	1.5714
2010-01-19	1.5714	20667	1.5384	1.602	1.5384
2010-01-15	1.518	0	1.518	1.518	1.518
2010-01-14	1.518	833	1.518	1.518	1.518
2010-01-13	1.455	0	1.455	1.455	1.455
2010-01-12	1.455	0	1.455	1.455	1.455
2010-01-11	1.455	13500	1.3974	1.455	1.332
2010-01-08	1.2504	3333	1.2216	1.2504	1.2216
2010-01-07	1.1922	667	1.1922	1.1922	1.1922
2010-01-06	1.1556	0	1.1556	1.1556	1.1556
2010-01-05	1.1556	0	1.1556	1.1556	1.1556
2010-01-04	1.1556	1500	1.1556	1.1556	1.1556
2009-12-31	1.092	0	1.092	1.092	1.092
2009-12-30	1.092	0	1.092	1.092	1.092
2009-12-29	1.092	0	1.092	1.092	1.092
2009-12-28	1.092	0	1.092	1.092	1.092
2009-12-24	1.092	0	1.092	1.092	1.092
2009-12-23	1.092	0	1.092	1.092	1.092
2009-12-22	1.092	0	1.092	1.092	1.092
2009-12-21	1.092	0	1.092	1.092	1.092
2009-12-18	1.092	0	1.092	1.092	1.092
2009-12-17	1.092	0	1.092	1.092	1.092
2009-12-16	1.092	0	1.092	1.092	1.092
2009-12-15	1.092	1667	1.092	1.092	1.092
2009-12-14	1.1634	167	1.1634	1.1634	1.1634
2009-12-11	1.32	0	1.32	1.32	1.32
2009-12-10	1.32	1667	1.32	1.32	1.32
2009-12-09	1.2978	667	1.2978	1.2978	1.2978
2009-12-08	1.365	0	1.365	1.365	1.365
2009-12-07	1.365	0	1.365	1.365	1.365
2009-12-04	1.365	0	1.365	1.365	1.365
2009-12-03	1.365	0	1.365	1.365	1.365
2009-12-02	1.365	0	1.365	1.365	1.365
2009-12-01	1.365	1417	1.365	1.365	1.365
2009-11-30	1.473	1333	1.473	1.473	1.473
2009-11-27	1.4994	0	1.4994	1.4994	1.4994
2009-11-25	1.4994	0	1.4994	1.4994	1.4994
2009-11-24	1.4994	1683	1.5588	1.5588	1.4994
2009-11-23	1.56	917	1.56	1.56	1.56
2009-11-20	1.5954	0	1.5954	1.5954	1.5954
2009-11-19	1.5954	0	1.5954	1.5954	1.5954
2009-11-18	1.5954	0	1.5954	1.5954	1.5954
2009-11-17	1.5954	0	1.5954	1.5954	1.5954
2009-11-16	1.5954	0	1.5954	1.5954	1.5954
2009-11-13	1.5954	42	1.5954	1.5954	1.5954
2009-11-12	1.6446	0	1.6446	1.6446	1.6446
2009-11-11	1.6446	0	1.6446	1.6446	1.6446
2009-11-10	1.6446	0	1.6446	1.6446	1.6446
2009-11-09	1.6446	17	1.6446	1.6446	1.6446
2009-11-06	1.4928	0	1.4928	1.4928	1.4928
2009-11-05	1.4928	4000	1.4946	1.4946	1.4928
2009-11-04	1.3476	0	1.3476	1.3476	1.3476
2009-11-03	1.3476	0	1.3476	1.3476	1.3476
2009-11-02	1.3476	0	1.3476	1.3476	1.3476
2009-10-30	1.3476	0	1.3476	1.3476	1.3476
2009-10-29	1.3476	25	1.3476	1.3476	1.3476
2009-10-28	1.7394	0	1.7394	1.7394	1.7394
2009-10-27	1.7394	0	1.7394	1.7394	1.7394
2009-10-26	1.7394	0	1.7394	1.7394	1.7394
2009-10-23	1.7394	0	1.7394	1.7394	1.7394
2009-10-22	1.7394	0	1.7394	1.7394	1.7394
2009-10-21	1.7394	0	1.7394	1.7394	1.7394
2009-10-20	1.7394	192	1.8	1.8	1.7394
2009-10-19	1.8	0	1.8	1.8	1.8
2009-10-16	1.8	2626	1.8	1.8	1.8
2009-10-15	1.962	0	1.962	1.962	1.962
2009-10-14	1.962	1061	1.98	1.98	1.962
2009-10-13	1.908	2583	1.9464	1.9464	1.8882
2009-10-12	1.497	0	1.497	1.497	1.497
2009-10-09	1.497	0	1.497	1.497	1.497
2009-10-08	1.497	0	1.497	1.497	1.497
2009-10-07	1.497	167	1.497	1.497	1.497
2009-10-06	1.44	33	1.44	1.44	1.44
2009-10-05	1.347	0	1.347	1.347	1.347
2009-10-02	1.347	500	1.347	1.347	1.347
2009-10-01	1.44	0	1.44	1.44	1.44
2009-09-30	1.44	0	1.44	1.44	1.44
2009-09-29	1.44	1667	1.4118	1.44	1.4118
2009-09-28	1.4802	0	1.4802	1.4802	1.4802
2009-09-25	1.4802	0	1.4802	1.4802	1.4802
2009-09-24	1.4802	83	1.4802	1.4802	1.4802
2009-09-23	1.488	0	1.488	1.488	1.488
2009-09-22	1.488	0	1.488	1.488	1.488
2009-09-21	1.488	34167	1.5582	1.5582	1.488
2009-09-18	1.41	0	1.41	1.41	1.41
2009-09-17	1.41	0	1.41	1.41	1.41
2009-09-16	1.41	0	1.41	1.41	1.41
2009-09-15	1.41	0	1.41	1.41	1.41
2009-09-14	1.41	0	1.41	1.41	1.41
2009-09-11	1.41	0	1.41	1.41	1.41
2009-09-10	1.41	0	1.41	1.41	1.41
2009-09-09	1.41	0	1.41	1.41	1.41
2009-09-08	1.41	850	1.572	1.572	1.41
2009-09-04	1.5756	0	1.5756	1.5756	1.5756
2009-09-03	1.5756	83	1.5204	1.5756	1.5204
2009-09-02	1.44	0	1.44	1.44	1.44
2009-09-01	1.44	1750	1.578	1.578	1.44
2009-08-31	1.452	17	1.452	1.452	1.452
2009-08-28	1.464	0	1.464	1.464	1.464
2009-08-27	1.464	0	1.464	1.464	1.464
2009-08-26	1.464	3083	1.353	1.464	1.353
2009-08-25	1.3146	833	1.2588	1.3146	1.2588
2009-08-24	1.194	2333	1.245	1.245	1.194
2009-08-21	1.2498	2500	1.194	1.2498	1.194
2009-08-20	1.1286	4292	1.2	1.2	1.1286
2009-08-19	0.999	0	0.999	0.999	0.999
2009-08-18	0.999	0	0.999	0.999	0.999
2009-08-17	0.999	4500	1.002	1.029	0.999
2009-08-14	0.936	0	0.936	0.936	0.936
2009-08-13	0.936	4500	0.99	0.99	0.936
2009-08-12	0.96	0	0.96	0.96	0.96
2009-08-11	0.96	0	0.96	0.96	0.96
2009-08-10	0.96	717	1.0536	1.08	0.96
2009-08-07	0.972	0	0.972	0.972	0.972
2009-08-06	0.972	4500	0.972	0.972	0.945
2009-08-05	1.029	0	1.029	1.029	1.029
2009-08-04	1.029	0	1.029	1.029	1.029
2009-08-03	1.029	0	1.029	1.029	1.029
2009-07-31	1.029	167	1.029	1.029	1.029
2009-07-30	0.8562	0	0.8562	0.8562	0.8562
2009-07-29	0.8562	0	0.8562	0.8562	0.8562
2009-07-28	0.8562	0	0.8562	0.8562	0.8562
2009-07-27	0.8562	0	0.8562	0.8562	0.8562
2009-07-24	0.8562	0	0.8562	0.8562	0.8562
2009-07-23	0.8562	1667	0.8562	0.8562	0.8562
2009-07-22	0.858	0	0.858	0.858	0.858
2009-07-21	0.858	0	0.858	0.858	0.858
2009-07-20	0.858	20	0.858	0.858	0.858
2009-07-17	0.66	0	0.66	0.66	0.66
2009-07-16	0.66	0	0.66	0.66	0.66
2009-07-15	0.66	0	0.66	0.66	0.66
2009-07-14	0.66	0	0.66	0.66	0.66
2009-07-13	0.66	0	0.66	0.66	0.66
2009-07-10	0.66	0	0.66	0.66	0.66
2009-07-09	0.66	0	0.66	0.66	0.66
2009-07-08	0.66	2167	0.66	0.66	0.66
2009-07-07	0.711	0	0.711	0.711	0.711
2009-07-06	0.711	0	0.711	0.711	0.711
2009-07-02	0.711	0	0.711	0.711	0.711
2009-07-01	0.711	0	0.711	0.711	0.711
2009-06-30	0.711	0	0.711	0.711	0.711
2009-06-29	0.711	0	0.711	0.711	0.711
2009-06-26	0.711	917	0.8094	0.8094	0.711
2009-06-25	1.0872	0	1.0872	1.0872	1.0872
2009-06-24	1.0872	0	1.0872	1.0872	1.0872
2009-06-23	1.0872	0	1.0872	1.0872	1.0872
2009-06-22	1.0872	0	1.0872	1.0872	1.0872
2009-06-19	1.0872	0	1.0872	1.0872	1.0872
2009-06-18	1.0872	0	1.0872	1.0872	1.0872
2009-06-17	1.0872	0	1.0872	1.0872	1.0872
2009-06-16	1.0872	1333	1.0872	1.0872	1.0872
2009-06-15	1.0596	0	1.0596	1.0596	1.0596
2009-06-12	1.0596	0	1.0596	1.0596	1.0596
2009-06-11	1.0596	0	1.0596	1.0596	1.0596
2009-06-10	1.0596	0	1.0596	1.0596	1.0596
2009-06-09	1.0596	0	1.0596	1.0596	1.0596
2009-06-08	1.0596	30001	1.0596	1.0596	1.0596
2009-06-05	1.086	333	1.086	1.086	1.086
2009-06-04	1.137	833	1.137	1.137	1.137
2009-06-03	0.951	1667	0.96	0.96	0.951
2009-06-02	0.9726	0	0.9726	0.9726	0.9726
2009-06-01	0.9726	0	0.9726	0.9726	0.9726
2009-05-29	0.9726	1667	0.99	0.99	0.9456
2009-05-28	1.005	0	1.005	1.005	1.005
2009-05-27	1.005	0	1.005	1.005	1.005
2009-05-26	1.005	10000	0.978	1.005	0.978
2009-05-22	1.176	1667	1.176	1.176	1.176
2009-05-21	0.942	1667	0.942	0.942	0.942
2009-05-20	0.654	0	0.654	0.654	0.654
2009-05-19	0.654	0	0.654	0.654	0.654
2009-05-18	0.654	0	0.654	0.654	0.654
2009-05-15	0.654	0	0.654	0.654	0.654
2009-05-14	0.654	0	0.654	0.654	0.654
2009-05-13	0.654	0	0.654	0.654	0.654
2009-05-12	0.654	0	0.654	0.654	0.654
2009-05-11	0.654	0	0.654	0.654	0.654
2009-05-08	0.654	0	0.654	0.654	0.654
2009-05-07	0.654	0	0.654	0.654	0.654
2009-05-06	0.654	0	0.654	0.654	0.654
2009-05-05	0.654	0	0.654	0.654	0.654
2009-05-04	0.654	0	0.654	0.654	0.654
2009-05-01	0.654	0	0.654	0.654	0.654
2009-04-30	0.654	0	0.654	0.654	0.654
2009-04-29	0.654	0	0.654	0.654	0.654
2009-04-28	0.654	0	0.654	0.654	0.654
2009-04-27	0.654	0	0.654	0.654	0.654
2009-04-24	0.654	0	0.654	0.654	0.654
2009-04-23	0.654	10884	0.6552	0.6564	0.654
2009-04-22	0.7578	0	0.7578	0.7578	0.7578
2009-04-21	0.7578	633	0.78	0.78	0.7578
2009-04-20	0.6246	10334	0.8076	0.8076	0.6
2009-04-17	0.66	0	0.66	0.66	0.66
2009-04-16	0.66	2267	0.66	0.66	0.66
2009-04-15	0.654	0	0.654	0.654	0.654
2009-04-14	0.654	0	0.654	0.654	0.654
2009-04-13	0.654	1667	0.654	0.654	0.654
2009-04-09	0.57	0	0.57	0.57	0.57
2009-04-08	0.57	42	0.57	0.57	0.57
2009-04-07	0.48	0	0.48	0.48	0.48
2009-04-06	0.48	0	0.48	0.48	0.48
2009-04-03	0.48	0	0.48	0.48	0.48
2009-04-02	0.48	0	0.48	0.48	0.48
2009-04-01	0.48	13500	0.456	0.48	0.438
2009-03-31	0.5094	0	0.5094	0.5094	0.5094
2009-03-30	0.5094	3333	0.48	0.5094	0.48
2009-03-27	0.5022	0	0.5022	0.5022	0.5022
2009-03-26	0.5022	0	0.5022	0.5022	0.5022
2009-03-25	0.5022	0	0.5022	0.5022	0.5022
2009-03-24	0.5022	0	0.5022	0.5022	0.5022
2009-03-23	0.5022	0	0.5022	0.5022	0.5022
2009-03-20	0.5022	0	0.5022	0.5022	0.5022
2009-03-19	0.5022	0	0.5022	0.5022	0.5022
2009-03-18	0.5022	0	0.5022	0.5022	0.5022
2009-03-17	0.5022	0	0.5022	0.5022	0.5022
2009-03-16	0.5022	6667	0.5022	0.5022	0.5022
2009-03-13	0.4626	0	0.4626	0.4626	0.4626
2009-03-12	0.4626	0	0.4626	0.4626	0.4626
2009-03-11	0.4626	0	0.4626	0.4626	0.4626
2009-03-10	0.4626	0	0.4626	0.4626	0.4626
2009-03-09	0.4626	0	0.4626	0.4626	0.4626
2009-03-06	0.4626	0	0.4626	0.4626	0.4626
2009-03-05	0.4626	0	0.4626	0.4626	0.4626
2009-03-04	0.4626	0	0.4626	0.4626	0.4626
2009-03-03	0.4626	0	0.4626	0.4626	0.4626
2009-03-02	0.4626	0	0.4626	0.4626	0.4626
2009-02-27	0.4626	0	0.4626	0.4626	0.4626
2009-02-26	0.4626	0	0.4626	0.4626	0.4626
2009-02-25	0.4626	0	0.4626	0.4626	0.4626
2009-02-24	0.4626	833	0.4626	0.4626	0.4626
2009-02-23	0.447	2500	0.447	0.447	0.447
2009-02-20	0.498	0	0.498	0.498	0.498
2009-02-19	0.498	2500	0.474	0.498	0.474
2009-02-18	0.3324	0	0.3324	0.3324	0.3324
2009-02-17	0.3324	0	0.3324	0.3324	0.3324
2009-02-13	0.3324	0	0.3324	0.3324	0.3324
2009-02-12	0.3324	0	0.3324	0.3324	0.3324
2009-02-11	0.3324	0	0.3324	0.3324	0.3324
2009-02-10	0.3324	0	0.3324	0.3324	0.3324
2009-02-09	0.3324	0	0.3324	0.3324	0.3324
2009-02-06	0.3324	0	0.3324	0.3324	0.3324
2009-02-05	0.3324	0	0.3324	0.3324	0.3324
2009-02-04	0.3324	0	0.3324	0.3324	0.3324
2009-02-03	0.3324	0	0.3324	0.3324	0.3324
2009-02-02	0.3324	3333	0.3324	0.3324	0.3324
2009-01-30	0.2544	0	0.2544	0.2544	0.2544
2009-01-29	0.2544	0	0.2544	0.2544	0.2544
2009-01-28	0.2544	0	0.2544	0.2544	0.2544
2009-01-27	0.2544	0	0.2544	0.2544	0.2544
2009-01-26	0.2544	0	0.2544	0.2544	0.2544
2009-01-23	0.2544	0	0.2544	0.2544	0.2544
2009-01-22	0.2544	25	0.2544	0.2544	0.2544
2009-01-21	0.5262	0	0.5262	0.5262	0.5262
2009-01-20	0.5262	0	0.5262	0.5262	0.5262
2009-01-16	0.5262	0	0.5262	0.5262	0.5262
2009-01-15	0.5262	0	0.5262	0.5262	0.5262
2009-01-14	0.5262	0	0.5262	0.5262	0.5262
2009-01-13	0.5262	0	0.5262	0.5262	0.5262
2009-01-12	0.5262	0	0.5262	0.5262	0.5262
2009-01-09	0.5262	0	0.5262	0.5262	0.5262
2009-01-08	0.5262	333	0.5262	0.5262	0.5262
2009-01-07	0.408	0	0.408	0.408	0.408
2009-01-06	0.408	0	0.408	0.408	0.408
2009-01-05	0.408	833	0.408	0.408	0.408
2009-01-02	0.1668	0	0.1668	0.1668	0.1668
2008-12-31	0.1668	0	0.1668	0.1668	0.1668
2008-12-30	0.1668	1697	0.2988	0.3234	0.1668
2008-12-29	0.276	7626	0.237	0.276	0.237
2008-12-26	0.144	0	0.144	0.144	0.144
2008-12-24	0.144	167	0.144	0.144	0.144
2008-12-23	0.12	0	0.12	0.12	0.12
2008-12-22	0.12	0	0.12	0.12	0.12
2008-12-19	0.12	0	0.12	0.12	0.12
2008-12-18	0.12	0	0.12	0.12	0.12
2008-12-17	0.12	0	0.12	0.12	0.12
2008-12-16	0.12	32	0.12	0.12	0.12
2008-12-15	0.207	0	0.207	0.207	0.207
2008-12-12	0.207	0	0.207	0.207	0.207
2008-12-11	0.207	11667	0.156	0.207	0.156
2008-12-10	0.195	0	0.195	0.195	0.195
2008-12-09	0.195	0	0.195	0.195	0.195
2008-12-08	0.195	0	0.195	0.195	0.195
2008-12-05	0.195	0	0.195	0.195	0.195
2008-12-04	0.195	0	0.195	0.195	0.195
2008-12-03	0.195	1667	0.195	0.195	0.195
2008-12-02	0.042	0	0.042	0.042	0.042
2008-12-01	0.042	0	0.042	0.042	0.042
2008-11-28	0.042	0	0.042	0.042	0.042
2008-11-26	0.042	33	0.042	0.042	0.042
2008-11-25	0.402	0	0.402	0.402	0.402
2008-11-24	0.402	0	0.402	0.402	0.402
2008-11-21	0.402	0	0.402	0.402	0.402
2008-11-20	0.402	0	0.402	0.402	0.402
2008-11-19	0.402	0	0.402	0.402	0.402
2008-11-18	0.402	0	0.402	0.402	0.402
2008-11-17	0.402	0	0.402	0.402	0.402
2008-11-14	0.402	0	0.402	0.402	0.402
2008-11-13	0.402	0	0.402	0.402	0.402
2008-11-12	0.402	0	0.402	0.402	0.402
2008-11-11	0.402	0	0.402	0.402	0.402
2008-11-10	0.402	0	0.402	0.402	0.402
2008-11-07	0.402	0	0.402	0.402	0.402
2008-11-06	0.402	0	0.402	0.402	0.402
2008-11-05	0.402	0	0.402	0.402	0.402
2008-11-04	0.402	0	0.402	0.402	0.402
2008-11-03	0.402	0	0.402	0.402	0.402
2008-10-31	0.402	0	0.402	0.402	0.402
2008-10-30	0.402	6167	0.408	0.42	0.396
2008-10-29	0.486	0	0.486	0.486	0.486
2008-10-28	0.486	0	0.486	0.486	0.486
2008-10-27	0.486	0	0.486	0.486	0.486
2008-10-24	0.486	0	0.486	0.486	0.486
2008-10-23	0.486	4167	0.486	0.486	0.486
2008-10-22	0.4116	333	0.4116	0.4116	0.4116
2008-10-21	0.528	850	0.528	0.528	0.33
2008-10-20	0.9108	0	0.9108	0.9108	0.9108
2008-10-17	0.9108	0	0.9108	0.9108	0.9108
2008-10-16	0.9108	0	0.9108	0.9108	0.9108
2008-10-15	0.9108	0	0.9108	0.9108	0.9108
2008-10-14	0.9108	1500	0.9108	0.9108	0.9108
2008-10-13	0.972	0	0.972	0.972	0.972
2008-10-10	0.972	0	0.972	0.972	0.972
2008-10-09	0.972	0	0.972	0.972	0.972
2008-10-08	0.972	0	0.972	0.972	0.972
2008-10-07	0.972	2500	0.972	0.972	0.972
2008-10-06	0.954	833	0.954	0.954	0.954
2008-10-03	0.9	29	0.9	0.9	0.9
2008-10-02	0.9588	0	0.9588	0.9588	0.9588
2008-10-01	0.9588	250	0.9588	0.9588	0.9588
2008-09-30	0.9804	0	0.9804	0.9804	0.9804
2008-09-29	0.9804	0	0.9804	0.9804	0.9804
2008-09-26	0.9804	0	0.9804	0.9804	0.9804
2008-09-25	0.9804	0	0.9804	0.9804	0.9804
2008-09-24	0.9804	0	0.9804	0.9804	0.9804
2008-09-23	0.9804	0	0.9804	0.9804	0.9804
2008-09-22	0.9804	0	0.9804	0.9804	0.9804
2008-09-19	0.9804	0	0.9804	0.9804	0.9804
2008-09-18	0.9804	17	0.9804	0.9804	0.9804
2008-09-17	0.8604	0	0.8604	0.8604	0.8604
2008-09-16	0.8604	0	0.8604	0.8604	0.8604
2008-09-15	0.8604	0	0.8604	0.8604	0.8604
2008-09-12	0.8604	0	0.8604	0.8604	0.8604
2008-09-11	0.8604	17	0.8604	0.8604	0.8604
2008-09-10	1.2	417	1.2	1.2	1.2
2008-09-09	1.3446	0	1.3446	1.3446	1.3446
2008-09-08	1.3446	0	1.3446	1.3446	1.3446
2008-09-05	1.3446	0	1.3446	1.3446	1.3446
2008-09-04	1.3446	0	1.3446	1.3446	1.3446
2008-09-03	1.3446	0	1.3446	1.3446	1.3446
2008-09-02	1.3446	0	1.3446	1.3446	1.3446
2008-08-29	1.3446	0	1.3446	1.3446	1.3446
2008-08-28	1.3446	0	1.3446	1.3446	1.3446
2008-08-27	1.3446	0	1.3446	1.3446	1.3446
2008-08-26	1.3446	0	1.3446	1.3446	1.3446
2008-08-25	1.3446	83	1.3446	1.3446	1.3446
2008-08-22	1.59	0	1.59	1.59	1.59
2008-08-21	1.59	0	1.59	1.59	1.59
2008-08-20	1.59	0	1.59	1.59	1.59
2008-08-19	1.59	0	1.59	1.59	1.59
2008-08-18	1.59	0	1.59	1.59	1.59
2008-08-15	1.59	0	1.59	1.59	1.59
2008-08-14	1.59	0	1.59	1.59	1.59
2008-08-13	1.59	1333	1.59	1.59	1.587
2008-08-12	1.266	17	1.266	1.266	1.266
2008-08-11	1.4358	0	1.4358	1.4358	1.4358
2008-08-08	1.4358	0	1.4358	1.4358	1.4358
2008-08-07	1.4358	0	1.4358	1.4358	1.4358
2008-08-06	1.4358	0	1.4358	1.4358	1.4358
2008-08-05	1.4358	0	1.4358	1.4358	1.4358
2008-08-04	1.4358	0	1.4358	1.4358	1.4358
2008-08-01	1.4358	0	1.4358	1.4358	1.4358
2008-07-31	1.4358	0	1.4358	1.4358	1.4358
2008-07-30	1.4358	33	1.4358	1.4358	1.4358
2008-07-29	2.1228	0	2.1228	2.1228	2.1228
2008-07-28	2.1228	0	2.1228	2.1228	2.1228
2008-07-25	2.1228	0	2.1228	2.1228	2.1228
2008-07-24	2.1228	0	2.1228	2.1228	2.1228
2008-07-23	2.1228	0	2.1228	2.1228	2.1228
2008-07-22	2.1228	0	2.1228	2.1228	2.1228
2008-07-21	2.1228	0	2.1228	2.1228	2.1228
2008-07-18	2.1228	417	2.1228	2.1228	2.1228
2008-07-17	2.1966	0	2.1966	2.1966	2.1966
2008-07-16	2.1966	0	2.1966	2.1966	2.1966
2008-07-15	2.1966	0	2.1966	2.1966	2.1966
2008-07-14	2.1966	0	2.1966	2.1966	2.1966
2008-07-11	2.1966	167	2.1966	2.1966	2.1966
2008-07-10	2.106	0	2.106	2.106	2.106
2008-07-09	2.106	19	2.106	2.106	2.106
2008-07-08	1.92	0	1.92	1.92	1.92
2008-07-07	1.92	0	1.92	1.92	1.92
2008-07-03	1.92	0	1.92	1.92	1.92
2008-07-02	1.92	0	1.92	1.92	1.92
2008-07-01	1.92	0	1.92	1.92	1.92
2008-06-30	1.92	0	1.92	1.92	1.92
2008-06-27	1.92	0	1.92	1.92	1.92
2008-06-26	1.92	0	1.92	1.92	1.92
2008-06-25	1.92	0	1.92	1.92	1.92
2008-06-24	1.92	0	1.92	1.92	1.92
2008-06-23	1.92	0	1.92	1.92	1.92
2008-06-20	1.92	0	1.92	1.92	1.92
2008-06-19	1.92	333	1.92	1.92	1.92
2008-06-18	2.8349	0	2.8349	2.8349	2.8349
2008-06-17	2.8349	0	2.8349	2.8349	2.8349
2008-06-16	2.8349	0	2.8349	2.8349	2.8349
2008-06-13	2.8349	0	2.8349	2.8349	2.8349
2008-06-12	2.8349	0	2.8349	2.8349	2.8349
2008-06-11	2.8349	0	2.8349	2.8349	2.8349
2008-06-10	2.8349	0	2.8349	2.8349	2.8349
2008-06-09	2.8349	0	2.8349	2.8349	2.8349
2008-06-06	2.8349	0	2.8349	2.8349	2.8349
2008-06-05	2.8349	0	2.8349	2.8349	2.8349
2008-06-04	2.8349	0	2.8349	2.8349	2.8349
2008-06-03	2.8349	0	2.8349	2.8349	2.8349
2008-06-02	2.8349	0	2.8349	2.8349	2.8349
2008-05-30	2.8349	0	2.8349	2.8349	2.8349
2008-05-29	2.8349	0	2.8349	2.8349	2.8349
2008-05-28	2.8349	0	2.8349	2.8349	2.8349
2008-05-27	2.8349	0	2.8349	2.8349	2.8349
2008-05-23	2.8349	333	2.8349	2.8349	2.8349
2008-05-22	3.0179	333	3.0179	3.0179	3.0179
2008-05-21	2.8139	0	2.8139	2.8139	2.8139
2008-05-20	2.8139	333	2.8139	2.8139	2.8139
2008-05-19	2.7245	0	2.7245	2.7245	2.7245
2008-05-16	2.7245	0	2.7245	2.7245	2.7245
2008-05-15	2.7245	1667	2.7245	2.7245	2.7245
2008-05-14	2.7341	0	2.7341	2.7341	2.7341
2008-05-13	2.7341	0	2.7341	2.7341	2.7341
2008-05-12	2.7341	0	2.7341	2.7341	2.7341
2008-05-09	2.7341	0	2.7341	2.7341	2.7341
2008-05-08	2.7341	0	2.7341	2.7341	2.7341
2008-05-07	2.7341	42	2.7341	2.8319	2.7341
2008-05-06	2.5619	0	2.5619	2.5619	2.5619
2008-05-05	2.5619	0	2.5619	2.5619	2.5619
2008-05-02	2.5619	0	2.5619	2.5619	2.5619
2008-05-01	2.5619	633	2.5619	2.5619	2.5559
2008-04-30	2.5199	0	2.5199	2.5199	2.5199
2008-04-29	2.5199	2047	2.5199	2.7599	2.5019
2008-04-28	2.6291	0	2.6291	2.6291	2.6291
2008-04-25	2.6291	0	2.6291	2.6291	2.6291
2008-04-24	2.6291	25	2.6291	2.6291	2.6291
2008-04-23	2.9279	0	2.9279	2.9279	2.9279
2008-04-22	2.9279	0	2.9279	2.9279	2.9279
2008-04-21	2.9279	0	2.9279	2.9279	2.9279
2008-04-18	2.9279	0	2.9279	2.9279	2.9279
2008-04-17	2.9279	0	2.9279	2.9279	2.9279
2008-04-16	2.9279	333	2.9279	2.9279	2.9279
2008-04-15	2.7509	1667	2.7509	2.7509	2.7509
2008-04-14	2.8559	1667	2.8559	2.8559	2.8559
2008-04-11	2.9219	9000	2.9219	2.9219	2.8049
2008-04-10	2.9339	9000	2.9339	2.9759	2.8439
2008-04-09	2.8547	9250	2.8547	2.9579	2.8547
2008-04-08	2.8589	8167	2.8589	2.9159	2.8289
2008-04-07	2.9819	9350	2.9819	3.1859	2.7599
2008-04-04	2.7119	333	2.7119	2.7761	2.7119
2008-04-03	2.1	0	2.1	2.1	2.1
2008-04-02	2.1	0	2.1	2.1	2.1
2008-04-01	2.1	0	2.1	2.1	2.1
2008-03-31	2.1	0	2.1	2.1	2.1
2008-03-28	2.1	0	2.1	2.1	2.1
2008-03-27	2.1	167	2.1	2.1	2.1
2008-03-26	2.22	0	2.22	2.22	2.22
2008-03-25	2.22	0	2.22	2.22	2.22
2008-03-24	2.22	0	2.22	2.22	2.22
2008-03-20	2.22	0	2.22	2.22	2.22
2008-03-19	2.22	0	2.22	2.22	2.22
2008-03-18	2.22	0	2.22	2.22	2.22
2008-03-17	2.22	167	2.22	2.22	2.22
2008-03-14	1.8504	0	1.8504	1.8504	1.8504
2008-03-13	1.8504	0	1.8504	1.8504	1.8504
2008-03-12	1.8504	75	1.8504	1.8504	1.8504
2008-03-11	2.16	0	2.16	2.16	2.16
2008-03-10	2.16	0	2.16	2.16	2.16
2008-03-07	2.16	0	2.16	2.16	2.16
2008-03-06	2.16	333	2.16	2.16	2.16
2008-03-05	2.6735	0	2.6735	2.6735	2.6735
2008-03-04	2.6735	0	2.6735	2.6735	2.6735
2008-03-03	2.6735	0	2.6735	2.6735	2.6735
2008-02-29	2.6735	0	2.6735	2.6735	2.6735
2008-02-28	2.6735	2500	2.6735	2.6855	2.6543
2008-02-27	2.412	0	2.412	2.412	2.412
2008-02-26	2.412	0	2.412	2.412	2.412
2008-02-25	2.412	0	2.412	2.412	2.412
2008-02-22	2.412	833	2.412	2.412	2.412
2008-02-21	2.5619	500	2.5619	2.5619	2.5619
2008-02-20	2.16	1667	2.16	2.16	2.16
2008-02-19	2.016	0	2.016	2.016	2.016
2008-02-15	2.016	667	2.016	2.016	2.016
2008-02-14	2.01	6333	2.01	2.01	2.01
2008-02-13	1.98	250	1.98	1.98	1.98
2008-02-12	1.9782	0	1.9782	1.9782	1.9782
2008-02-11	1.9782	75	1.9782	1.9782	1.9782
2008-02-08	1.701	0	1.701	1.701	1.701
2008-02-07	1.701	0	1.701	1.701	1.701
2008-02-06	1.701	333	1.701	1.701	1.701
2008-02-05	1.596	0	1.596	1.596	1.596
2008-02-04	1.596	33	1.596	1.596	1.596
2008-02-01	1.614	0	1.614	1.614	1.614
2008-01-31	1.614	117	1.614	1.734	1.614
2008-01-30	1.878	0	1.878	1.878	1.878
2008-01-29	1.878	167	1.878	1.878	1.878
2008-01-28	1.6722	0	1.6722	1.6722	1.6722
2008-01-25	1.6722	50	1.6722	1.6722	1.6722
2008-01-24	2.022	0	2.022	2.022	2.022
2008-01-23	2.022	0	2.022	2.022	2.022
2008-01-22	2.022	0	2.022	2.022	2.022
2008-01-18	2.022	0	2.022	2.022	2.022
2008-01-17	2.022	0	2.022	2.022	2.022
2008-01-16	2.022	0	2.022	2.022	2.022
2008-01-15	2.022	0	2.022	2.022	2.022
2008-01-14	2.022	0	2.022	2.022	2.022
2008-01-11	2.022	0	2.022	2.022	2.022
2008-01-10	2.022	67	2.022	2.022	2.022
2008-01-09	2.136	17	2.136	2.136	2.136
2008-01-08	2.148	0	2.148	2.148	2.148
2008-01-07	2.148	667	2.148	2.148	2.148
